-3.000000
-3.000000
-3.000000
-3.000000
-3.750000
-3.750000
-3.000000
-3.000000
-3.750000
-3.000000
-3.750000
-3.750000
-3.750000
-4.500000
-3.000000
-3.750000
-3.000000
-3.000000
-3.000000
-3.750000
-3.000000
-3.000000
-3.000000
-3.000000
-3.750000
-3.000000
-3.750000
-3.000000
-3.750000
-3.750000
-3.000000
-3.000000
-3.000000
15.375000
15.375000
15.750000
15.750000
15.375000
15.750000
15.750000
15.375000
15.375000
15.750000
15.750000
15.375000
15.375000
15.750000
16.312500
16.312500
16.312500
15.750000
15.750000
15.750000
15.375000
15.750000
15.750000
15.375000
15.375000
15.750000
15.750000
16.312500
16.312500
15.750000
15.375000
15.375000
15.750000
15.750000
15.750000
16.312500
16.312500
15.750000
15.750000
16.312500
15.750000
15.750000
15.750000
16.312500
16.312500
16.312500
16.312500
15.750000
15.375000
15.375000
15.750000
15.750000
15.750000
15.375000
15.750000
15.375000
15.375000
15.750000
15.375000
15.750000
15.750000
15.750000
15.375000
15.375000
15.375000
15.750000
15.750000
15.750000
15.375000
16.312500
16.312500
15.750000
15.750000
16.312500
15.375000
16.312500
15.750000
15.750000
15.750000
15.375000
-14.250000
-28.500000
