1011001010100110110110111100001100100000010010000000000000010100010000000000100000100011010001010000110000000000010
0111100100101011110011010010011100000101101001000000000010000000001000000100000010100110010000010000000000100010000
0111010101011010011000101110001110000100010101000000100001000000100010100010000001000000010000000001001000000000110
0111010101001111100010101101000110000100010101000000100001000001000000001100100010110000000000001000000000010000010
1011000110110001111011001110000110100000100001000000000001010000001000010000000000010010010100001010001000000000001
0110111100100110110110101100001100000101010000100100110001000000010000000000100000100011010001010000000000000000000
1100011101001101011011100101010011001000000000000010010101000000100000001010000100010000100100001100000000000001000
1101000110000111110111110001011001000010000001000000000010000100000000000000000110100111100010010100000000000000010
1101000101011001011011110001110011000000000001000000000010000000100010010010000000001000100100001100000000001001001
1100101101010000011111110001111001010000000000001000011010000000100000000000000000000000101110010100000000001100010
0111101001001010011000111110001110000100011010000000000000000000100000000010000001000000010000000001111000000000111
1101001001001101011011110101010011000000000010000000000100000000100000001010000100010000100100001100010000000001001
0111010101001111100010101101000110000100010101000000100001000001000000001100100010110000000000001000000000010000010
1100101110000010110111101101011001010010000000010000010001000000000000000000000000100011100010010110000000000000001
1010011111010000101010101101100110101000010000000000111001100001000000000000000000000000000100001000000110010000001
1011000101101111100011001101000110100000100001000000000001000011000100001100100010110000000000001010000000010000000
1010011111001010010110101110001100101000010000000000110001101000100000000001000000100000010001010001001000000000000
1011001010100110111000111100001110100000010010000000000000010100010000000000100001000010010000000000110000000000111
0111011001001110011000110110001110000100010110000001000000000000100000001010010001000000010000000001010000000000101
1101000101001111100011110001011101000000000001000000000010000001000000001100000110100100000000010100000000010010001
0111100101001011100010111001011100000100011001000000000010000001000000000100000010100100000000010000100000010010001
1100101101001010100011110001111101010000000000000000010010000001000000000100000000100000000000010100000000011110011
0111100100110001111010111000011100000101011001001000000010000000010000010000000000000110010100010000100000000010000
0111011010000110111000110101011010000110010110000001000000000100000000000000000101000010100000000000010000000001101
1100101101010000011111101101011001010000000000001000011001000000100000000000000000000000101110010110000000000000001
0111010101010101101010110001011100000100010101000001000010000001000001010000000100000100000100010000000000010010010
1101000110000111110111110010001101000010000001000000000010000100000000000000010010100111010001010101000000000000000
1101000110000111110111110001100011000010000001000000000010000100000000000000001010101011100000101100000000000000010
1101000110000111111001110001011011000010000001000000000010000100000000000000000111000110100000000100000000000001101
1010011111010000101010110001111100101000010000000001011010100001000000000000000000000000000100010000000000011110010
1100101101001010010111110010101101010000000000000000010010000000100000000001000000100000010001010101000000000100011
1101001001001110010111110110001101000000000010000000000000000000100000001001010000100000010001010101010000000000011
1100101101001001011011101110000111010000000000000000010101000000100000000010000000010000010100001111001000000000010
1101000101010101101011110001011101000000000001000000000010000001000001010000000100000100000100010100000000010010011
1010011111010000101010101101100110101000010000000000111001100001000000000000000000000000000100001000000110010000001
1011001010100110111000111100001110100000010010000000000000010100010000000000100001000010010000000000110000000000111
0110111110000010110111000111011000000110100000110010010001000000000000000000000000100011100010010000000001100000000
1010011110100110110111000101011000101000100000000010010001010100000100000000000100100011100010010000000000000000000
1011000110100111110111010010001100100000100001000000000010010100001000000000010010100111010001010000000000000000000
1100101101010000101011101101100111010000000000001000011001000001000000000000000000000000000100001110000110010000001
0111010100110110111000101100001110000101010101000000100001000000010001100000100001000010010000000000000000000000110
0110111101001010010111000111100010000100100000100010010001000000100000000001000000100000100000101000000011000000001
1011000110101011110011010001110010100000100001000000000010011000000100000100000010101010100000001000000000001001000
1100101101010000101011110001111101010000000000001000011010000001000000000000000000000000000100010100000000011110001
1101000101011010010111110010101101000000000001000000000010000000100010100001000000100000010001010101000000000100001
1011001011000110100110111101001100100000010010000000000000100101000000000000100000100001000001010000110000010000001
1101000101001111010111101101000011000000000001000000000001000000100000001001100010110000100000101110000000000000010
1100101101010000011111101101100011010000000000001000011001000000100000000000000000000000101100101110000110000000000
1010101101100110011101010001101010110000100000000100010010000010100100000000001001000000101000100000000000000100100
1010101111000010101001010011101110110000100000010000010010100001000000000000000001000000000000000000000001010100111
