0110111101001010100010101101100110000100010000100000110001000001000000000100000000100000000000001000000110010000011
1011000110110010111001010001111010100000100001000000000010010000000100100000000001000010100000000000000000001101101
1101000100101111110011110000011101000001000001000000000010000000010000001100000110100110010000010100000000000010000
0111100101010010100111001111001100000100101001001000000001000001000000100000000000100001000001010010001001010000000
1011001011001010011000111110001110100000010010000000000000101000100000000010000001000000010000000001111000000000101
0111100101010010011100111001101010000100011001001000000010000000100000100000000001000000101000100000100100000100100
1011000110110001111010111000100110100000010001000000000010010000010000010000000000001010010100001000100100000000001
1100011100101110110011100100011101001001000000000010010001000000010000001100000100100010010000010100000000000010000
1011000110110010110111010001111000100000100001000000000010010000000100100000000000100011100010010000000000001100010
1010101111000010101000111001101110110000010000010000010010100001000000000000000001000000000000000000100100010100101
1101001001001110010111110101100011000000000010000000000000000000100000001001001000100000100000101100010010000000011
1101001001011000011011110110011101000000000010000000001000000000100010000010000000000000010100010101010000100010001
0111010110010010111000101110001110000110010101000000100001000000000000100000000001000010010000000001001000000000101
1010011101101110011001000101011010101000100000000010010001000010100100001010000101000000100000000000000000000001100
1011001011001010010110111110001100100000010010000000000000101000100000000001000000100000010001010001111000000000010
0110111101010000101010110001111100000100010000101001011010000001000000000000000000000000000100010000000000011110010
1010101101100101101011010001100110110000100000000100010110000011000100000000001000001000000100001000000000010000010
0111010110010010111000110010101110000110010101000001000010000000000000100000000001000010010000000001000000000100101
1010101111000001101010111001100110110000010000010000010110100001000000000000000000001000000100001000100100010000010
0110111110000010111000101101011010000110010000110000110001000000000000000000000001000010100000000000000000000001111
1101001010000110110111110101011001000010000010000000000000000100000000000000000100100011100010010100010000000000011
1011000101110110011101001101001010100000100001000000000001000010100101100000100001000000101000100010000000000000100
1011001001101110011000111100001110100000010010000000000000000010110000001010100001000000010000000000110000000000101
1011000101110110101001001101001110100000100001000000000001000011000101100000100001000000000000000010000000010000101
1101000101010101011111110001100011000000000001000000000010000000100001010000001000001000101100101100000000000000001
1010011111010000101010110001111100101000010000000001011010100001000000000000000000000000000100010000000000011110010
1101000101011010010111101101011001000000000001000000000001000000100010100001000000100000100010010110000000000000011
1011001001111000011011010101110010100000100010000000001000000010100110000010000000000000100100001000010010001001000
1010101101100101101011010001100110110000100000000100010110000011000100000000001000001000000100001000000000010000010
1011000111000111100110111001001100100000010001000000000010100101000000000000100010100101000001010000100000010000000
0110111110000010111000101110001110000110010000110000110001000000000000000000000001000010010000000001001000000000101
1101001001001110010111110110001101000000000010000000000000000000100000001001010000100000010001010101010000000000011
1010101110100010111001010001111010110000100000010000010010010000000100000000000001000010100000000000000000001101110
1011000110101011110010111000100110100000010001000000000010011000010000000100000010101010010000001000100100000000000
0110111100100110111000110000101110000101010000100101010010000000010000000000001001000010010000000000000000000100110
1011000110101011110011010001110010100000100001000000000010011000000100000100000010101010100000001000000000001001000
1011001010101010110011010110100110100000100010000000000000011000001000000100000000100010010000001000010010000000011
1100101100100101111011110000100111010001000000000100010110000000010000000000001000001010010100001100000000000000010
0111100110000011111000111001011010000110011001010000000010000000000000000000000011000110100000000000100000000001110
1011001010101010110010111100100110100000010010000000000000011000010000000100000000100010010000001000110110000000010
0111100100101011110011001101010010000101101001000000000001000000000100000100000010110010100000001010000000000001000
1011000110110001111011010001110010100000100001000000000010010000000100010000000000001010100100001000000000001001001
1010101111000010100111001111001100110000100000010000010001100001000000000000000000100001000001010010001001010000000
0111101000100110111000111100001110000101011010000100000000000000010000000000100001000010010000000000110000000000101
1101000110000111111001110001011011000010000001000000000010000100000000000000000111000110100000000100000000000001101
1011001011000110011100111101001010100000010010000000000000100100100000000000100001000000101000100000110000000000101
1101001010000110110111110101011001000010000010000000000000000100000000000000000100100011100010010100010000000000011
1010011111000101101010101101000110101000010000000000110101100101000000000000100000010000000100001000000000010000010
1100101110000010111001110010101111010010000000010000010010000000000000000000000001000010010000000101000000000100111
1101000101011001011011110010011101000000000001000000000010000000100010010010000000000100010100010101000000100010010
