0111010101010110101000101101001110000100010101000000100001000001000001100000100001000000000000000000000000010000111
1011001001110100101011010101011100100000100010000000001000000011000101000000000100000000000100010000010000010010001
1101000101011001011011101101010011000000000001000000000001000000100010010010000000010000100100001110000000000001001
1101000100110101111011110000100111000001000001000000000010000000010001010000001000001010010100001100000000000000001
1011001011001010100011010111100110100000100010000000000000101001000000000100000000100000000000001000010011010000011
1010101101100110100111010001101100110000100000000100010010000011000100000000001000100001000001010000000000010100000
1101001001011000011011110101110011000000000010000000001000000000100010000010000000000000100100001100010010001001001
0111100101010001101010111001100110000100011001001000000010000001000000010000000000001000000100001000100100010000001
0111100101001011100011001111000110000100101001000000000001000001000000000100000010110000000000001010001001010000010
1011000111001011100011001111000110100000100001000000000001101001000000000100000010110000000000001010001001010000000
1100101101000110100111110001101101010000000000000100010010000001000000000000001000100001000001010100000000010100001
0111100100100111111000111000001110000101011001000100000010000000010000000000100011000110010000000000100000000000100
0111010101001111100010101101000110000100010101000000100001000001000000001100100010110000000000001000000000010000010
1101001010001010110011110110011101000010000010000000000000001000000000000100000000100010010000010101010000100010001
1010101101110000011111001101011000110000100000001000011001000010100100000000000000000000101110010010000000000000000
1011000110100111110111010010001100100000100001000000000010010100001000000000010010100111010001010000000000000000000
0111010101010110101000110001101110000100010101000001000010000001000001100000001001000000000000000000000000010100101
1101000101011010010111101110001101000000000001000000000001000000100010100001000000100000010001010111001000000000010
0111010100110101111010110000100110000101010101000001000010000000010001010000001000001010010100001000000000000000000
0111100101001011100011010011011100000100101001000000000010000001000000000100000010100100000000010000000001110010010
1011000110100111110111010001100010100000100001000000000010010100000100000000001010101011100000101000000000000000000
0111101001001010010111010111100010000100101010000000000000000000100000000001000000100000100000101000010011000000011
1011000111001011100010111001011100100000010001000000000010101001000000000100000010100100000000010000100000010010010
1011001001110100011111010101011000100000100010000000001000000010100101000000000100000000101110010000010000000000010
1010011111000101101010110001100110101000010000000001010110100101000000000000001000001000000100001000000000010000010
0110111101001010011001000111011010000100100000100010010001000000100000000010000001000000100000000000000001100001101
0111100101010010101000111001101110000100011001001000000010000001000000100000000001000000000000000000100100010100101
1100101101001001011011101110000111010000000000000000010101000000100000000010000000010000010100001111001000000000010
0111100101001011011001010011011010000100101001000000000010000000100000000010000011000100100000000000000001100001110
0111101000101010110011010110011100000101101010000000000000000000001000000100000000100010010000010000010000100010001
1010101101101010011001001110001110110000100000000000010001000010101000000010000001000000010000000010001000000000101
1010011111001010100010101101100110101000010000000000110001101001000000000100000000100000000000001000000110010000010
1010101101110000101011010001111100110000100000001000011010000011000100000000000000000000000100010000000000011110000
1101000101010110100111110001101101000000000001000000000010000001000001100000001000100001000001010100000000010100001
0111010100110101111010101100000110000101010101000000100001000000010001010000100000010010010100001000000000000000000
1010101111000001101011010011100110110000100000010000010110100001000000000000000000001000000100001000000001010000001
1101001000110100111011110100100111000001000010000000001000000000010001000000001000000010010100001100010010000000001
1011001001111000011011010101110010100000100010000000001000000010100110000010000000000000100100001000010010001001000
1011000101111010010111001110001100100000100001000000000001000010101010100001000000100000010001010010001000000000000
1010011111001010010110101101100010101000010000000000110001101000100000000001000000100000100000101000000110000000000
1100011100110100111011100100100111001001000000000010011001000000010001000000001000000010010100001100000010000000000
1011001010101010110011010110100110100000100010000000000000011000001000000100000000100010010000001000010010000000011
1100101110000001111011110001110011010010000000010000010110000000000000000000000000001010100100001100000000001001010
1101000101011010010111110001111001000000000001000000000010000000100010100001000000100000100010010100000000001100001
0111010101010110101000101101001110000100010101000000100001000001000001100000100001000000000000000000000000010000111
0111010101010110101000101101001110000100010101000000100001000001000001100000100001000000000000000000000000010000111
1010101101101010011001001110001110110000100000000000010001000010101000000010000001000000010000000010001000000000101
1101000101001111100011110001100111000000000001000000000010000001000000001100001010101000000000001100000000010000011
0111010101001111100010110001011100000100010101000001000010000001000000001100000110100100000000010000000000010010000
1100101100101010110011101100100111010001000000000000010001000000010000000100000000100010010000001110000110000000010
