-2.500000
-2.500000
-2.500000
-2.500000
-3.000000
-3.000000
-2.500000
-2.500000
-3.000000
-2.500000
-3.000000
-3.000000
-3.000000
-3.500000
-2.500000
-3.000000
-2.500000
-2.500000
-2.500000
-3.000000
-2.500000
-2.500000
-2.500000
-2.500000
-3.000000
-2.500000
-3.000000
-2.500000
-3.000000
-3.000000
-2.500000
-2.500000
-2.500000
13.625000
13.625000
14.000000
14.000000
13.625000
14.000000
14.000000
13.625000
13.625000
14.000000
14.000000
13.625000
13.625000
14.000000
14.562500
14.562500
14.562500
14.000000
14.000000
14.000000
13.625000
14.000000
14.000000
13.625000
13.625000
14.000000
14.000000
14.562500
14.562500
14.000000
13.625000
13.625000
14.000000
14.000000
14.000000
14.562500
14.562500
14.000000
14.000000
14.562500
14.000000
14.000000
14.000000
14.562500
14.562500
14.562500
14.562500
14.000000
13.625000
13.625000
14.000000
14.000000
14.000000
13.625000
14.000000
13.625000
13.625000
14.000000
13.625000
14.000000
14.000000
14.000000
13.625000
13.625000
13.625000
14.000000
14.000000
14.000000
13.625000
14.562500
14.562500
14.000000
14.000000
14.562500
13.625000
14.562500
14.000000
14.000000
14.000000
13.625000
12.750000
25.500000
