1100101101000110101001110001101111010000000000000100010010000001000000000000001001000000000000000100000000010100101
1101001001001110010111110110001101000000000010000000000000000000100000001001010000100000010001010101010000000000010
1011001001101110011001010110001110100000100010000000000000000010101000001010010001000000010000000000010000000000110
1101000101010101101011101101000111000000000001000000000001000001000001010000100000010000000100001110000000010000010
1011001011000110100110111101001100100000010010000000000000100101000000000000100000100001000001010000110000010000000
1011001011000110011101010111001010100000100010000000000000100100100000000000010001000000101000100000010001000000100
0111010101011010010110101101011000000100010101000000100001000000100010100001000000100000100010010000000000000000000
1011001001110100101011010101011100100000100010000000001000000011000101000000000100000000000100010000010000010010000
1011001011001010011001010111011010100000100010000000000000101000100000000010000001000000100000000000010001100001100
1101001001011000011011110110100111000000000010000000001000000000100010000010000000000000010100001101010010000000010
0111101001001010100010111101100110000100011010000000000000000001000000000100000000100000000000001000110110010000010
1101001001001110100011110101100111000000000010000000000000000001000000001100001000100000000000001100010010010000001
1011001011010000011111010111100010100000100010000000001000100000100000000000000000000000101100101000010011000000000
1101000101001111100011110001011101000000000001000000000010000001000000001100000110100100000000010100000000010010000
1100101101000110101001110001101111010000000000000100010010000001000000000000001001000000000000000100000000010100101
0111101001001010100010111101100110000100011010000000000000000001000000000100000000100000000000001000110110010000010
1010011111000110101001000111001110101000100000000010010001100101000000000000010001000000000000000000000001010000100
1101000110010001111011101101010011000010000001000000000001000000000000010000000000010010100100001110000000000001010
1101000101001111100011101101000111000000000001000000000001000001000000001100100010110000000000001110000000010000000
1101000101001111010111110001011001000000000001000000000010000000100000001001000110100100100010010100000000000000000
0110111100100110111001000110001110000101100000100110010001000000001000000000010001000010010000000000000000000000100
1011000101111010011001010010101110100000100001000000000010000010101010100010000001000000010000000000000000000100100
1011000111010001101010111001100110100000010001000000000010100001000000010000000000001000000100001000100100010000010
1010101101100110101001010001101110110000100000000100010010000011000100000000001001000000000000000000000000010100100
0111101001001010100010111101100110000100011010000000000000000001000000000100000000100000000000001000110110010000010
0111101001000110101000111101001110000100011010000100000000000001000000000000100001000000000000000000110000010000101
1101001010001010110011110110100111000010000010000000000000001000000000000100000000100010010000001101010010000000010
1101000101011001011011110001110011000000000001000000000010000000100010010010000000001000100100001100000000001001000
0111101001001010011001010111011010000100101010000000000000000000100000000010000001000000100000000000010001100001110
1101001001001110011001110110001111000000000010000000000000000000100000001010010001000000010000000101010000000000101
1101000110000111111001110001011011000010000001000000000010000100000000000000000111000110100000000100000000000001100
1011001010110000111010111100100110100000010010000000001000010000010000000000000000000010010100001000110110000000000
1011001010101010110011010110011100100000100010000000000000011000001000000100000000100010010000010000010000100010000
1011001011000110011101010111001010100000100010000000000000100100100000000000010001000000101000100000010001000000100
1101001010000110111001110110001111000010000010000000000000000100000000000000010001000010010000000101010000000000101
1010101110100010111001001101011010110000100000010000010001010000000100000000000001000010100000000010000000000001100
1100101101010000101011101101011101010000000000001000011001000001000000000000000000000000000100010110000000010010010
1011001011010000101010111101100110100000010010000000001000100001000000000000000000000000000100001000110110010000010
1011000110100111111001010010001110100000100001000000000010010100001000000000010011000110010000000000000000000000100
1101000101010110101001110001101111000000000001000000000010000001000001100000001001000000000000000100000000010100101
0110111101000101101010101101000110000100010000100100110101000001000000000000100000010000000100001000000000010000000
1100101101000101101011110001011101010000000000000100010110000001000000000000000100000100000100010100000000010010000
1101000101011001011011110010100111000000000001000000000010000000100010010010000000001000010100001101000000000000010
1100101101001010011001110001111011010000000000000000010010000000100000000010000001000000100000000100000000001101110
1101001001010100011111110110001101000000000010000000001000000000100001000000010000000000011101010101010000000000000
1011001010100101111011010110000110100000100010000000000100010100001000000000010000010010010100001000010000000000000
1101001001010100101011110101011101000000000010000000001000000001000001000000000100000000000100010100010000010010001
1101000101010101101011110001100111000000000001000000000010000001000001010000001000001000000100001100000000010000001
1011000111010010101001010011101110100000100001000000000010100001000000100000000001000000000000000000000001010100101
1011000110110001111011001101010010100000100001000000000001010000000100010000000000010010100100001010000000000001000
