-3.000000
-3.000000
-3.000000
-3.000000
-3.750000
-3.750000
-3.000000
-3.000000
-3.750000
-3.000000
-3.750000
-3.750000
-3.750000
-4.500000
-3.000000
-3.750000
-3.000000
-3.000000
-3.000000
-3.750000
-3.000000
-3.000000
-3.000000
-3.000000
-3.750000
-3.000000
-3.750000
-3.000000
-3.750000
-3.750000
-3.000000
-3.000000
-3.000000
14.875000
14.875000
15.250000
15.250000
14.875000
15.250000
15.250000
14.875000
14.875000
15.250000
15.250000
14.875000
14.875000
15.250000
15.812500
15.812500
15.812500
15.250000
15.250000
15.250000
14.875000
15.250000
15.250000
14.875000
14.875000
15.250000
15.250000
15.812500
15.812500
15.250000
14.875000
14.875000
15.250000
15.250000
15.250000
15.812500
15.812500
15.250000
15.250000
15.812500
15.250000
15.250000
15.250000
15.812500
15.812500
15.812500
15.812500
15.250000
14.875000
14.875000
15.250000
15.250000
15.250000
14.875000
15.250000
14.875000
14.875000
15.250000
14.875000
15.250000
15.250000
15.250000
14.875000
14.875000
14.875000
15.250000
15.250000
15.250000
14.875000
15.812500
15.812500
15.250000
15.250000
15.812500
14.875000
15.812500
15.250000
15.250000
15.250000
14.875000
13.750000
27.500000
