0110111100100110110111000101100010000101100000100110010001000000000100000000001000100011100000101000000010000000000
1010101110100010110111001101100010110000100000010000010001010000000100000000000000100011100000101010000110000000000
1010011111000101011110110010001100101000010000000001010110100100100000000000010000000100011101010001000000000000010
1010011101111000011010110000111100101000010000000001011010000010110010000010000000000000010100010000000000001110010
1010011101101101011010110000011100101000010000000001010110000010110000001010000100000100010100010000000000000010010
1010011110100101111011000101010010101000100000000010010101010100000100000000000100010010100100001000000000000001000
0111010100111010110010110000111100000101010101000001000010000000010010100100000000100010010000010000000000001110010
0111010101001111010110110010001100000100010101000001000010000000100000001001010010100100010001010001000000000000000
1010101101110000011111010001111000110000100000001000011010000010100100000000000000000000101110010000000000001100000
0111010100111010110011000101110010000101100101000010000001000000000110100100000000100010100000001000000010001001010
0111100100110010110111001101100010000101101001001000000001000000000100100000000000100011100000101010000110000000010
1011000101101111010110111000001100100000010001000000000010000010110000001001100010100100010001010000100000000000000
1010011111000101011110110010001100101000010000000001010110100100100000000000010000000100011101010001000000000000010
0111010110001011110011000111010010000110100101000010000001001000000000000100000010110010100000001000000001100001010
1010101101100101011110111000001100110000010000000100010110000010110000000000100000000100011101010000100000000000010
0111010100110110110110110000101100000101010101000001000010000000010001100000001000100011010001010000000000000100010
0110111100110000111010110000111100000101010000101001011010000000010000000000000000000010010100010000000000001110000
1011000110100111110111001101000010100000100001000000000001010100000100000000100010110011100000101010000000000000000
0110111110000001111010110010011100000110010000110001010110000000000000000000000000000110010100010001000000100010000
0111100100110010110111001101100010000101101001001000000001000000000100100000000000100011100000101010000110000000010
0111010101010101011110110010001100000100010101000001000010000000100001010000010000000100011101010001000000000000000
0111010110001011110010110010011100000110010101000001000010001000000000000100000010100110010000010001000000100010010
0111010101010101011111000111000010000100100101000010000001000000100001010000010000010000101100101000000001000000000
1011000101111010010111001101100010100000100001000000000001000010100110100001000000100000100000101010000110000000000
0110111101000101011111000111000010000100100000100110010101000000100000000000010000010000101100101000000001000000000
0111100100100111110111010001011000000101101001000100000010000000000100000000000110100111100010010000000000000000000
0110111100100110110110110000101100000101010000100101010010000000010000000000001000100011010001010000000000000100000
0111100110000011110110111001100010000110011001010000000010000000000000000000000010101011100000101000100100000000000
0110111110000001111011000111010010000110100000110010010101000000000000000000000000010010100100001000000001100001000
0111100100100111110111010010001100000101101001000100000010000000001000000000010010100111010001010000000000000000000
0111100100100111110111010010001100000101101001000100000010000000001000000000010010100111010001010000000000000000000
0111010110001011110010101110000110000110010101000000100001001000000000000100000010110010010000001001001000000000000
1010101111000001011111001111000010110000100000010000010101100000100000000000000000010000101100101010001001000000010
1011000101101111010110111000001100100000010001000000000010000010110000001001100010100100010001010000100000000000000
1010101101100101011111001101000010110000100000000100010101000010100100000000100000010000101100101010000000000000010
1010011101110100011111000101011000101000100000000010011001000010100101000000000100000000101110010000000000000000000
1010011101111000011010101100100110101000010000000000111001000010110010000010000000000000010100001000000110000000000
0111010110000111110110110001011000000110010101000001000010000100000000000000000110100111100010010000000000000000000
0111010110000111110110110001011000000110010101000001000010000100000000000000000110100111100010010000000000000000000
0111100100100111110111001101000010000101101001000100000001000000000100000000100010110011100000101010000000000000010
1010011111000101011111000111000010101000100000000010010101100100100000000000010000010000101100101000000001000000010
1010101110100010110110111000101100110000010000010000010010010000010000000000000000100011010001010000100100000100000
0111100100110010110111001101100010000101101001001000000001000000000100100000000000100011100000101010000110000000010
1010011101111000011010101100100110101000010000000000111001000010110010000010000000000000010100001000000110000000000
1010011101101101011010110000011100101000010000000001010110000010110000001010000100000100010100010000000000000010010
1011000101101111010110111000001100100000010001000000000010000010110000001001100010100100010001010000100000000000000
1010101101110000011111001101100010110000100000001000011001000010100100000000000000000000101100101010000110000000010
1010101101110000011110111000101100110000010000001000011010000010110000000000000000000000011101010000100100000100010
0111010110000111110110110001011000000110010101000001000010000100000000000000000110100111100010010000000000000000000
0111010100101111110010101100000110000101010101000000100001000000010000001100100010110010010000001000000000000000000
