-3.000000
-3.000000
-3.000000
-3.000000
-3.750000
-3.750000
-3.000000
-3.000000
-3.750000
-3.000000
-3.750000
-3.750000
-3.750000
-4.500000
-3.000000
-3.750000
-3.000000
-3.000000
-3.000000
-3.750000
-3.000000
-3.000000
-3.000000
-3.000000
-3.750000
-3.000000
-3.750000
-3.000000
-3.750000
-3.750000
-3.000000
-3.000000
-3.000000
11.875000
11.875000
12.250000
12.250000
11.875000
12.250000
12.250000
11.875000
11.875000
12.250000
12.250000
11.875000
11.875000
12.250000
12.812500
12.812500
12.812500
12.250000
12.250000
12.250000
11.875000
12.250000
12.250000
11.875000
11.875000
12.250000
12.250000
12.812500
12.812500
12.250000
11.875000
11.875000
12.250000
12.250000
12.250000
12.812500
12.812500
12.250000
12.250000
12.812500
12.250000
12.250000
12.250000
12.812500
12.812500
12.812500
12.812500
12.250000
11.875000
11.875000
12.250000
12.250000
12.250000
11.875000
12.250000
11.875000
11.875000
12.250000
11.875000
12.250000
12.250000
12.250000
11.875000
11.875000
11.875000
12.250000
12.250000
12.250000
11.875000
12.812500
12.812500
12.250000
12.250000
12.812500
11.875000
12.812500
12.250000
12.250000
12.250000
11.875000
-10.750000
-21.500000
