0111011001010100101010110101011100000100010110000001001000000001000001000000000100000000000100010000010000010010011
1010101101101010010111010010101100110000100000000000010010000010101000000001000000100000010001010000000000000100011
1011001010110000111010111100011100100000010010000000001000010000010000000000000000000010010100010000110000000010001
1011000111010001101011001111000110100000100001000000000001100001000000010000000000010000000100001010001001010000011
1011000110110001111011010010100110100000100001000000000010010000001000010000000000001010010100001000000000000000010
1101001001001110100011110101011101000000000010000000000000000001000000001100000100100000000000010100010000010010010
1101001001001110010111110101100011000000000010000000000000000000100000001001001000100000100000101100010010000000001
1010101111000010101000111001101110110000010000010000010010100001000000000000000001000000000000000000100100010100111
1011001001101110011001010101011010100000100010000000000000000010100100001010000101000000100000000000010000000001111
1101000101001111010111110001100011000000000001000000000010000000100000001001001010101000100000101100000000000000011
1100101101010000011111101101011001010000000000001000011001000000100000000000000000000000101110010110000000000000011
0111101000110000111011010110100110000101101010001000001000000000001000000000000000000010010100001000010010000000011
1101001001001110010111110101100011000000000010000000000000000000100000001001001000100000100000101100010010000000001
0111101010000010111001010111011010000110101010010000000000000000000000000000000001000010100000000000010001100001111
1011000110110010110111010010101100100000100001000000000010010000001000100000000000100011010001010000000000000100011
1100101101001010010111110010101101010000000000000000010010000000100000000001000000100000010001010101000000000100001
1101000101011010011001110001111011000000000001000000000010000000100010100010000001000000100000000100000000001101111
0111100101010001101010111001100110000100011001001000000010000001000000010000000000001000000100001000100100010000011
1011001011010000101010111101100110100000010010000000001000100001000000000000000000000000000100001000110110010000001
0110111101010000101011000111100110000100100000101010011001000001000000000000000000000000000100001000000011010000011
1101000101010110100111110001101101000000000001000000000010000001000001100000001000100001000001010100000000010100011
1100101101001010010111101101011001010000000000000000010001000000100000000001000000100000100010010110000000000000010
1011001011010000101011010111011100100000100010000000001000100001000000000000000000000000000100010000010001110010001
1101000101011010100011110001111101000000000001000000000010000001000010100100000000100000000000010100000000011110011
1101000101011010100011101101011101000000000001000000000001000001000010100100000000100000000000010110000000010010001
1101000101011010011001101110001111000000000001000000000001000000100010100010000001000000010000000111001000000000111
0111011001001110100010110101100110000100010110000001000000000001000000001100001000100000000000001000010010010000011
1101001010000101111011110101010011000010000010000000000100000100000000000000000100010010100100001100010000000001011
0111100101010001101011010011100110000100101001001000000010000001000000010000000000001000000100001000000001010000001
1011001010100110111001010110001110100000100010000000000000010100001000000000010001000010010000000000010000000000110
1011001011001010100010111101011100100000010010000000000000101001000000000100000000100000000000010000110000010010001
1011001011001010010111010111100010100000100010000000000000101000100000000001000000100000100000101000010011000000011
1011001010110000111010111100100110100000010010000000001000010000010000000000000000000010010100001000110110000000011
1010011111000110101000110001101110101000010000000001010010100101000000000000001001000000000000000000000000010100111
0110111101000110101000101101001110000100010000100100110001000001000000000000100001000000000000000000000000010000110
0110111101010000101010101101011100000100010000101000111001000001000000000000000000000000000100010000000000010010001
1101001001011000011011110101110011000000000010000000001000000000100010000010000000000000100100001100010010001001011
1101001001001110011001110110001111000000000010000000000000000000100000001010010001000000010000000101010000000000110
0111101001001010010110111110001100000100011010000000000000000000100000000001000000100000010001010001111000000000011
1011000111010010101001010011101110100000100001000000000010100001000000100000000001000000000000000000000001010100110
1011000111000111101001010011001110100000100001000000000010100101000000000000010011000100000000000000000001010000111
1101001001010100101011110101011101000000000010000000001000000001000001000000000100000000000100010100010000010010010
1101000101011010010111110010101101000000000001000000000010000000100010100001000000100000010001010101000000000100011
1010011111000110101000101101001110101000010000000000110001100101000000000000100001000000000000000000000000010000101
1101000101011010100011101101011101000000000001000000000001000001000010100100000000100000000000010110000000010010001
1101000110010010111001101101011011000010000001000000000001000000000000100000000001000010100000000110000000000001110
1101001001001101011011110110000111000000000010000000000100000000100000001010010000010000010100001101010000000000011
1101000101001111100011110001100111000000000001000000000010000001000000001100001010101000000000001100000000010000001
1101000101010101101011110001011101000000000001000000000010000001000001010000000100000100000100010100000000010010001
0110111110000010111000101101011010000110010000110000110001000000000000000000000001000010100000000000000000000001101
