0111100110000011111000111001011010000110011001010000000010000000000000000000000011000110100000000000100000000001111
1101000101010101101011110001100111000000000001000000000010000001000001010000001000001000000100001100000000010000000
0111101001001010011000111110001110000100011010000000000000000000100000000010000001000000010000000001111000000000110
1100101101000110101001110001101111010000000000000100010010000001000000000000001001000000000000000100000000010100100
1101000110010001111011101101010011000010000001000000000001000000000000010000000000010010100100001110000000000001010
1101001010000110110111110110001101000010000010000000000000000100000000000000010000100011010001010101010000000000001
1100101110000001111011110001110011010010000000010000010110000000000000000000000000001010100100001100000000001001011
1100101101001010010111101110001101010000000000000000010001000000100000000001000000100000010001010111001000000000001
1011001011010000101011010111011100100000100010000000001000100001000000000000000000000000000100010000010001110010010
1010101110100001111011010010100110110000100000010000010110010000001000000000000000001010010100001000000000000000001
1101000101010101011111110001100011000000000001000000000010000000100001010000001000001000101100101100000000000000001
1101000110010010111001110010101111000010000001000000000010000000000000100000000001000010010000000101000000000100100
1010101101110000101011001101011100110000100000001000011001000011000100000000000000000000000100010010000000010010011
1011000111000111101000111001001110100000010001000000000010100101000000000000100011000100000000000000100000010000101
0111101001001010010111010111100010000100101010000000000000000000100000000001000000100000100000101000010011000000010
0111011010000110110110110101011000000110010110000001000000000100000000000000000100100011100010010000010000000000011
1011001010100110110110111100001100100000010010000000000000010100010000000000100000100011010001010000110000000000011
1100101110000010110111101101011001010010000000010000010001000000000000000000000000100011100010010110000000000000001
0111101010000010111000111110001110000110011010010000000000000000000000000000000001000010010000000001111000000000101
1011001001101110100011010101011100100000100010000000000000000011000100001100000100100000000000010000010000010010001
1011000111010001101011010011011100100000100001000000000010100001000000010000000000000100000100010000000001110010001
1011000101110101101011010001100110100000100001000000000010000011000101010000001000001000000100001000000000010000001
1010101110100010111001010001111010110000100000010000010010010000000100000000000001000010100000000000000000001101111
1101000101001111010111110001011001000000000001000000000010000000100000001001000110100100100010010100000000000000001
1101000101010101011111101101000011000000000001000000000001000000100001010000100000010000101100101110000000000000011
1101000101011010011001101101011011000000000001000000000001000000100010100010000001000000100000000110000000000001110
1011001010110000111011010110100110100000100010000000001000010000001000000000000000000010010100001000010010000000000
0111101001000101101010111101000110000100011010000100000100000001000000000000100000010000000100001000110000010000001
1101000110001011110011110001110011000010000001000000000010001000000000000100000010101010100000001100000000001001011
1010011111000110101001000111001110101000100000000010010001100101000000000000010001000000000000000000000001010000101
0111101001001010011001010111011010000100101010000000000000000000100000000010000001000000100000000000010001100001110
1011001010100101111010111100000110100000010010000000000100010100010000000000100000010010010100001000110000000000011
1011001010100110111001010101011010100000100010000000000000010100000100000000000101000010100000000000010000000001110
1101001010000101111011110101010011000010000010000000000100000100000000000000000100010010100100001100010000000001001
1011000110100111111001010001011010100000100001000000000010010100000100000000000111000110100000000000000000000001111
1101001010000110110111110101100011000010000010000000000000000100000000000000001000100011100000101100010010000000001
1101000101010101101011110001100111000000000001000000000010000001000001010000001000001000000100001100000000010000000
1011000111001011100010111001100110100000010001000000000010101001000000000100000010101000000000001000100100010000011
1101000101010101011111110001011001000000000001000000000010000000100001010000000100000100101110010100000000000000001
0110111101000101101010101101000110000100010000100100110101000001000000000000100000010000000100001000000000010000001
1101000101010110100111101101001101000000000001000000000001000001000001100000100000100001000001010110000000010000001
0111010101011010011000101101011010000100010101000000100001000000100010100010000001000000100000000000000000000001101
1101000101010101011111110001011001000000000001000000000010000000100001010000000100000100101110010100000000000000001
1100011101001110011001100110001111001000000000000010010001000000100000001010010001000000010000000101000000000000101
1101001010001010110011110110100111000010000010000000000000001000000000000100000000100010010000001101010010000000010
0111101010000010110111010111100010000110101010010000000000000000000000000000000000100011100000101000010011000000011
1011001011010000101011010111100110100000100010000000001000100001000000000000000000000000000100001000010011010000000
1100101101000110011101101101001011010000000000000100010001000000100000000000100001000000101000100110000000000000101
1101001001010100011111110101100011000000000010000000001000000000100001000000001000000000101100101100010010000000001
1011000111010010101001010011101110100000100001000000000010100001000000100000000001000000000000000000000001010100100
