1101001000101110110011110100011101000001000010000000000000000000010000001100000100100010010000010100010000000010001
1101000100110101111011110000100111000001000001000000000010000000010001010000001000001010010100001100000000000000001
0111101001010000101010111101011100000100011010001000001000000001000000000000000000000000000100010000110000010010010
1011000111010001101010111001100110100000010001000000000010100001000000010000000000001000000100001000100100010000010
0111101001001010011000111101011010000100011010000000000000000000100000000010000001000000100000000000110000000001100
1100101101000101011111110001100011010000000000000100010110000000100000000000001000001000101100101100000000000000011
0111100101000111101000111001001110000100011001000100000010000001000000000000100011000100000000000000100000010000101
1101000110010010110111110001111001000010000001000000000010000000000000100000000000100011100010010100000000001100001
1101000101010101011111101101000011000000000001000000000001000000100001010000100000010000101100101110000000000000011
1011001001101110011000111100001110100000010010000000000000000010110000001010100001000000010000000000110000000000101
1011001011010000011110111110001100100000010010000000001000100000100000000000000000000000011101010001111000000000011
1011001011000101101011010111000110100000100010000000000100100101000000000000010000010000000100001000010001010000001
1011001011000101101010111101000110100000010010000000000100100101000000000000100000010000000100001000110000010000001
1101001001010100101011110101100111000000000010000000001000000001000001000000001000000000000100001100010010010000000
1011001011010000101011010111011100100000100010000000001000100001000000000000000000000000000100010000010001110010010
1011001011000110100111010111001100100000100010000000000000100101000000000000010000100001000001010000010001010000001
1011000111010001101010111001100110100000010001000000000010100001000000010000000000001000000100001000100100010000010
0111100101001011011000111010001110000100011001000000000010000000100000000010000011000100010000000001101000000000111
1011001001111000011011010110100110100000100010000000001000000010101010000010000000000000010100001000010010000000001
1101000101010110011101101101001011000000000001000000000001000000100001100000100001000000101000100110000000000000101
1101001001010100101011110101100111000000000010000000001000000001000001000000001000000000000100001100010010010000000
1101000101011010100011110001111101000000000001000000000010000001000010100100000000100000000000010100000000011110001
0110111101001010100010101101011100000100010000100000110001000001000000000100000000100000000000010000000000010010000
0111101001001010100010111101011100000100011010000000000000000001000000000100000000100000000000010000110000010010000
1011000111000111101001010011001110100000100001000000000010100101000000000000010011000100000000000000000001010000101
1101001010010000111011110110011101000010000010000000001000000000000000000000000000000010010100010101010000100010010
1010011111000101101010110001100110101000010000000001010110100101000000000000001000001000000100001000000000010000011
1011000111010010011101010011101010100000100001000000000010100000100000100000000001000000101000100000000001000100101
0110111101000110100110101101001100000100010000100100110001000001000000000000100000100001000001010000000000010000001
1011001011010000101010111101011100100000010010000000001000100001000000000000000000000000000100010000110000010010000
1101001001001110011001110101011011000000000010000000000000000000100000001010000101000000100000000100010000000001100
0111011001001110011000110110001110000100010110000001000000000000100000001010010001000000010000000001010000000000101
1011000111010010011101001111001010100000100001000000000001100000100000100000000001000000101000100010001001000000111
1100011101001110010111100101011001001000000000000010010001000000100000001001000100100000100010010100000000000000001
0110111100101010110011000110011100000101100000100010010001000000001000000100000000100010010000010000000000100010011
1101001001001110010111110101011001000000000010000000000000000000100000001001000100100000100010010100010000000000000
1011000111010010100111001111001100100000100001000000000001100001000000100000000000100001000001010010001001010000011
0110111110000010111000110001111010000110010000110001010010000000000000000000000001000010100000000000000000001101111
1011000111001011100010111001100110100000010001000000000010101001000000000100000010101000000000001000100100010000011
1101000110010010110111110010101101000010000001000000000010000000000000100000000000100011010001010101000000000100001
1100101101001010010111101101100011010000000000000000010001000000100000000001000000100000100000101110000110000000001
0111100100100111111001010010001110000101101001000100000010000000001000000000010011000110010000000000000000000000111
1011000110100111111000111000001110100000010001000000000010010100010000000000100011000110010000000000100000000000111
0110111101000110101001000111001110000100100000100110010001000001000000000000010001000000000000000000000001010000110
1101000101011010011001101110001111000000000001000000000001000000100010100010000001000000010000000111001000000000101
0111100101010001101011010011100110000100101001001000000010000001000000010000000000001000000100001000000001010000010
0111101001010000101011010111011100000100101010001000001000000001000000000000000000000000000100010000010001110010001
1101001010000110110111110101100011000010000010000000000000000100000000000000001000100011100000101100010010000000001
0111010101011010100010101101011100000100010101000000100001000001000010100100000000100000000000010000000000010010001
1011001011000110100110111101001100100000010010000000000000100101000000000000100000100001000001010000110000010000001
