-3.000000
-3.000000
-3.000000
-3.000000
-3.750000
-3.750000
-3.000000
-3.000000
-3.750000
-3.000000
-3.750000
-3.750000
-3.750000
-4.500000
-3.000000
-3.750000
-3.000000
-3.000000
-3.000000
-3.750000
-3.000000
-3.000000
-3.000000
-3.000000
-3.750000
-3.000000
-3.750000
-3.000000
-3.750000
-3.750000
-3.000000
-3.000000
-3.000000
14.375000
14.375000
14.750000
14.750000
14.375000
14.750000
14.750000
14.375000
14.375000
14.750000
14.750000
14.375000
14.375000
14.750000
15.312500
15.312500
15.312500
14.750000
14.750000
14.750000
14.375000
14.750000
14.750000
14.375000
14.375000
14.750000
14.750000
15.312500
15.312500
14.750000
14.375000
14.375000
14.750000
14.750000
14.750000
15.312500
15.312500
14.750000
14.750000
15.312500
14.750000
14.750000
14.750000
15.312500
15.312500
15.312500
15.312500
14.750000
14.375000
14.375000
14.750000
14.750000
14.750000
14.375000
14.750000
14.375000
14.375000
14.750000
14.375000
14.750000
14.750000
14.750000
14.375000
14.375000
14.375000
14.750000
14.750000
14.750000
14.375000
15.312500
15.312500
14.750000
14.750000
15.312500
14.375000
15.312500
14.750000
14.750000
14.750000
14.375000
-13.250000
-26.500000
