1100011101010100101011100101011101001000000000000010011001000001000001000000000100000000000100010100000000010010010
1101000110010001111011101110000111000010000001000000000001000000000000010000000000010010010100001111001000000000010
1101000110010001111011110001110011000010000001000000000010000000000000010000000000001010100100001100000000001001001
1011001011001010010110111101100010100000010010000000000000101000100000000001000000100000100000101000110110000000000
0110111101000110101000101101001110000100010000100100110001000001000000000000100001000000000000000000000000010000111
1101000101001111010111110001011001000000000001000000000010000000100000001001000110100100100010010100000000000000010
1011000101101111011001010010001110100000100001000000000010000010101000001010010011000100010000000000000000000000100
1011001001110100101011010101100110100000100010000000001000000011000101000000001000000000000100001000010010010000010
1101001001001110100011110101100111000000000010000000000000000001000000001100001000100000000000001100010010010000011
0111101000100110110111010110001100000101101010000100000000000000001000000000010000100011010001010000010000000000000
1101000101011001011011101101010011000000000001000000000001000000100010010010000000010000100100001110000000000001010
1011001011010000011111010111100010100000100010000000001000100000100000000000000000000000101100101000010011000000010
0110111101001010011000101110001110000100010000100000110001000000100000000010000001000000010000000001001000000000101
1011000110110010111001010010101110100000100001000000000010010000001000100000000001000010010000000000000000000100111
1010011111000110101001000111001110101000100000000010010001100101000000000000010001000000000000000000000001010000110
1011001010100110110111010110001100100000100010000000000000010100001000000000010000100011010001010000010000000000010
1101001001001110100011110101011101000000000010000000000000000001000000001100000100100000000000010100010000010010011
0110111101001010010110101101100010000100010000100000110001000000100000000001000000100000100000101000000110000000010
1011001001110100101011010101011100100000100010000000001000000011000101000000000100000000000100010000010000010010010
0111100100110010111001010010101110000101101001001000000010000000001000100000000001000010010000000000000000000100110
0111100101001011011000111010001110000100011001000000000010000000100000000010000011000100010000000001101000000000100
1101001010001010110011110110011101000010000010000000000000001000000000000100000000100010010000010101010000100010010
1010011110110000111010101100011100101000010000000000111001010000010000000000000000000010010100010000000000000010010
1101000110010010111001110001111011000010000001000000000010000000000000100000000001000010100000000100000000001101101
1101000110000111110111110001100011000010000001000000000010000100000000000000001010101011100000101100000000000000000
0111100100110010111001010010101110000101101001001000000010000000001000100000000001000010010000000000000000000100110
0110111101000110101000101101001110000100010000100100110001000001000000000000100001000000000000000000000000010000111
0111101001001010100011010111100110000100101010000000000000000001000000000100000000100000000000001000010011010000011
1101000101011010010111101110001101000000000001000000000001000000100010100001000000100000010001010111001000000000000
0111101001001001011010111110000110000100011010000000000100000000100000000010000000010000010100001001111000000000000
1011000111010010011100111001101010100000010001000000000010100000100000100000000001000000101000100000100100000100100
1100101101001010100011101101100111010000000000000000010001000001000000000100000000100000000000001110000110010000001
1101001010000110110111110110001101000010000010000000000000000100000000000000010000100011010001010101010000000000010
1010011111001010011000101110001110101000010000000000110001101000100000000010000001000000010000000001001000000000100
1100101101000101101011101101000111010000000000000100010101000001000000000000100000010000000100001110000000010000010
1011000111010001101011010011100110100000100001000000000010100001000000010000000000001000000100001000000001010000011
0110111101001010100010101101100110000100010000100000110001000001000000000100000000100000000000001000000110010000001
0110111101010000101011000111100110000100100000101010011001000001000000000000000000000000000100001000000011010000010
1101000101010101011111110001100011000000000001000000000010000000100001010000001000001000101100101100000000000000010
0111011001001110011000110101011010000100010110000001000000000000100000001010000101000000100000000000010000000001110
1101001001001110010111110101011001000000000010000000000000000000100000001001000100100000100010010100010000000000011
1011000111010001101011010011100110100000100001000000000010100001000000010000000000001000000100001000000001010000011
1010011111000110101001000111001110101000100000000010010001100101000000000000010001000000000000000000000001010000110
0110111101010000101011000111100110000100100000101010011001000001000000000000000000000000000100001000000011010000010
1011001001111000011011010110011100100000100010000000001000000010101010000010000000000000010100010000010000100010000
0111010101010101101010110001100110000100010101000001000010000001000001010000001000001000000100001000000000010000010
1011000101101111011001010010001110100000100001000000000010000010101000001010010011000100010000000000000000000000100
0110111101000101101010110001100110000100010000100101010110000001000000000000001000001000000100001000000000010000010
1101000100110101111011101100000111000001000001000000000001000000010001010000100000010010010100001110000000000000000
0111011010000110110110110101011000000110010110000001000000000100000000000000000100100011100010010000010000000000000
