0111101000100110110111010110001100000101101010000100000000000000001000000000010000100011010001010000010000000000000
0110111101001010100011000111011100000100100000100010010001000001000000000100000000100000000000010000000001110010010
0111100101010001101011001111000110000100101001001000000001000001000000010000000000010000000100001010001001010000000
0111100100101011110011010010100110000101101001000000000010000000001000000100000010101010010000001000000000000000010
1100101101000101101011101101000111010000000000000100010101000001000000000000100000010000000100001110000000010000010
0111011001001110100010110101011100000100010110000001000000000001000000001100000100100000000000010000010000010010010
1010101111000010101000111001101110110000010000010000010010100001000000000000000001000000000000000000100100010100110
0111010101011001011010101101010010000100010101000000100001000000100010010010000000010000100100001000000000000001000
0110111101000101101010101101000110000100010000100100110101000001000000000000100000010000000100001000000000010000010
1011000101110110101001010001101110100000100001000000000010000011000101100000001001000000000000000000000000010100110
1010101101101010100011010001111100110000100000000000010010000011000100000100000000100000000000010000000000011110000
1101001001001101011011110110000111000000000010000000000100000000100000001010010000010000010100001101010000000000010
0111100101001011100011001111000110000100101001000000000001000001000000000100000010110000000000001010001001010000000
0110111101000110101000110001101110000100010000100101010010000001000000000000001001000000000000000000000000010100101
1101001000101110110011110100100111000001000010000000000000000000010000001100001000100010010000001100010010000000010
0110111110000001111010101101010010000110010000110000110101000000000000000000000000010010100100001000000000000001000
1100101101001010011001101110001111010000000000000000010001000000100000000010000001000000010000000111001000000000101
1011000101110101101011010001100110100000100001000000000010000011000101010000001000001000000100001000000000010000010
1011000111010001101010111001100110100000010001000000000010100001000000010000000000001000000100001000100100010000001
1101001001011000011011110110100111000000000010000000001000000000100010000010000000000000010100001101010010000000001
1101001010000110111001110110001111000010000010000000000000000100000000000000010001000010010000000101010000000000111
1101000101001111010111110001011001000000000001000000000010000000100000001001000110100100100010010100000000000000010
1011000101101111011001010010001110100000100001000000000010000010101000001010010011000100010000000000000000000000100
1101000101011010011001101101011011000000000001000000000001000000100010100010000001000000100000000110000000000001101
1101000110010010110111101101011001000010000001000000000001000000000000100000000000100011100010010110000000000000001
0110111100101010110011000110100110000101100000100010010001000000001000000100000000100010010000001000000010000000010
0111010101010101101010101101000110000100010101000000100001000001000001010000100000010000000100001000000000010000010
1011001001101110010111010101011000100000100010000000000000000010100100001001000100100000100010010000010000000000010
0111010101010101101010101101000110000100010101000000100001000001000001010000100000010000000100001000000000010000010
0111010101010110101000101101001110000100010101000000100001000001000001100000100001000000000000000000000000010000101
0110111110000001111010110010100110000110010000110001010110000000000000000000000000001010010100001001000000000000000
0111100101001011010111010011011000000100101001000000000010000000100000000001000010100100100010010000000001100000000
1101000101011010100011101101100111000000000001000000000001000001000010100100000000100000000000001110000110010000010
1010101110100010111001001110001110110000100000010000010001010000001000000000000001000010010000000010001000000000110
1101000101010110100111101101001101000000000001000000000001000001000001100000100000100001000001010110000000010000010
0111100101010010101001010011101110000100101001001000000010000001000000100000000001000000000000000000000001010100101
0111100100110001111011010010100110000101101001001000000010000000001000010000000000001010010100001000000000000000010
1010101111000010101001010011101110110000100000010000010010100001000000000000000001000000000000000000000001010100101
1011000110110010111001010010101110100000100001000000000010010000001000100000000001000010010000000000000000000100111
1101000110010010111001110001111011000010000001000000000010000000000000100000000001000010100000000100000000001101101
1101000110010010111001101110001111000010000001000000000001000000000000100000000001000010010000000111001000000000101
0111100101001011010111010011011000000100101001000000000010000000100000000001000010100100100010010000000001100000000
1100101101000101101011110001100111010000000000000100010110000001000000000000001000001000000100001100000000010000001
1010011111000110101000110001101110101000010000000001010010100101000000000000001001000000000000000000000000010100110
1011000101111010010111001101011000100000100001000000000001000010100110100001000000100000100010010010000000000000000
1010011111001010100011000111100110101000100000000010010001101001000000000100000000100000000000001000000011010000000
1101001001010100101011110101100111000000000010000000001000000001000001000000001000000000000100001100010010010000011
0111101001001010010110111101011000000100011010000000000000000000100000000001000000100000100010010000110000000000011
0111101000101010110010111100100110000101011010000000000000000000010000000100000000100010010000001000110110000000000
