1011001010100110110111010101100010100000100010000000000000010100000100000000001000100011100000101000010010000000001
1100011110000110111001100101011011001010000000000010010001000100000000000000000101000010100000000100000000000001110
1011000110101011110011001101010010100000100001000000000001011000000100000100000010110010100000001010000000000001011
1100101101001010100011110001111101010000000000000000010010000001000000000100000000100000000000010100000000011110000
1011001011001010011000111101011010100000010010000000000000101000100000000010000001000000100000000000110000000001100
0111011001001110010110110110001100000100010110000001000000000000100000001001010000100000010001010001010000000000001
1010101101101010010111010001111000110000100000000000010010000010100100000001000000100000100010010000000000001100001
1101000110010001111011101101010011000010000001000000000001000000000000010000000000010010100100001110000000000001000
1010101111000001011110111001011000110000010000010000010110100000100000000000000000000100101110010000100000000000011
1101001001010100011111110101100011000000000010000000001000000000100001000000001000000000101100101100010010000000010
1100101101001001011011110010100111010000000000000000010110000000100000000010000000001000010100001101000000000000000
1011000111000111011101010011001010100000100001000000000010100100100000000000010011000100101000100000000001000000111
1100101110000010110111101110001101010010000000010000010001000000000000000000000000100011010001010111001000000000011
1101000110010001111011101110000111000010000001000000000001000000000000010000000000010010010100001111001000000000010
1100101100101010110011110000111101010001000000000000010010000000010000000100000000100010010000010100000000001110001
1101001001011000011011110101110011000000000010000000001000000000100010000010000000000000100100001100010010001001010
1101000110010001111011101110000111000010000001000000000001000000000000010000000000010010010100001111001000000000010
1101000110000111110111110001100011000010000001000000000010000100000000000000001010101011100000101100000000000000001
0111011001001110010110110101100010000100010110000001000000000000100000001001001000100000100000101000010010000000001
1011001011001010100010111101100110100000010010000000000000101001000000000100000000100000000000001000110110010000010
0111100101001011100011001111000110000100101001000000000001000001000000000100000010110000000000001010001001010000001
0111010110010010110110101101011000000110010101000000100001000000000000100000000000100011100010010000000000000000010
0111100101010010011101001111001010000100101001001000000001000000100000100000000001000000101000100010001001000000111
1011000110110001111010111000100110100000010001000000000010010000010000010000000000001010010100001000100100000000010
0111011000110100111010110100100110000101010110000001001000000000010001000000001000000010010100001000010010000000011
1101001010001010110011110110100111000010000010000000000000001000000000000100000000100010010000001101010010000000000
1011000101111010011000111000101110100000010001000000000010000010110010100010000001000000010000000000100100000100111
1010101101101010011001010001111010110000100000000000010010000010100100000010000001000000100000000000000000001101101
1100101101001010011001110001111011010000000000000000010010000000100000000010000001000000100000000100000000001101100
1011000101111010100011010001111100100000100001000000000010000011000110100100000000100000000000010000000000011110011
0111010101011001011010110010100110000100010101000001000010000000100010010010000000001000010100001001000000000000001
1011001001111000011010111100011100100000010010000000001000000010110010000010000000000000010100010000110000000010001
1011000101111001011010111000100110100000010001000000000010000010110010010010000000001000010100001000100100000000011
1100101101010000101011110001111101010000000000001000011010000001000000000000000000000000000100010100000000011110010
1101000110000111110111101101000011000010000001000000000001000100000000000000100010110011100000101110000000000000011
1101000101011001011011110010100111000000000001000000000010000000100010010010000000001000010100001101000000000000000
0111011000101110110010110100100110000101010110000001000000000000010000001100001000100010010000001000010010000000011
1011000111010010011100111001101010100000010001000000000010100000100000100000000001000000101000100000100100000100101
0111101010000001111010111101010010000110011010010000000100000000000000000000000000010010100100001000110000000001001
1011000111001011100010111001011100100000010001000000000010101001000000000100000010100100000000010000100000010010001
0111010101011001011010101101010010000100010101000000100001000000100010010010000000010000100100001000000000000001001
0111010101011010100010101101100110000100010101000000100001000001000010100100000000100000000000001000000110010000001
1101000100110110111001101100001111000001000001000000000001000000010001100000100001000010010000000110000000000000110
1011001011010000011110111110001100100000010010000000001000100000100000000000000000000000011101010001111000000000001
1011001011000110100110111101001100100000010010000000000000100101000000000000100000100001000001010000110000010000010
1010101101101010011001010010101110110000100000000000010010000010101000000010000001000000010000000000000000000100100
0111100101001011010111001111000010000100101001000000000001000000100000000001000010110000100000101010001001000000011
1101001001010100011111110101100011000000000010000000001000000000100001000000001000000000101100101100010010000000010
0111101000110000111011010101110010000101101010001000001000000000000100000000000000000010100100001000010010001001011
0111010101011010011000101110001110000100010101000000100001000000100010100010000001000000010000000001001000000000101
