0111101001010000011110111101011000000100011010001000001000000000100000000000000000000000101110010000110000000000010
0111010101011010100011000111011100000100100101000010000001000001000010100100000000100000000000010000000001110010011
1011000111001011100011010011100110100000100001000000000010101001000000000100000010101000000000001000000001010000010
0111010101001111011000110001011010000100010101000001000010000000100000001010000111000100100000000000000000000001111
1011000101111001011011001101010010100000100001000000000001000010100110010010000000010000100100001010000000000001011
1101000110001011110011101101010011000010000001000000000001001000000000000100000010110010100000001110000000000001001
0111101001001010011001010111011010000100101010000000000000000000100000000010000001000000100000000000010001100001100
0111101001000101011111010111000010000100101010000100000100000000100000000000010000010000101100101000010001000000011
1011001010101010110011010110100110100000100010000000000000011000001000000100000000100010010000001000010010000000000
1011000101111001011011001101010010100000100001000000000001000010100110010010000000010000100100001010000000000001011
1100101101010000011111110010101101010000000000001000011010000000100000000000000000000000011101010101000000000100001
0110111101010000101010101101100110000100010000101000111001000001000000000000000000000000000100001000000110010000010
1011000101101111010111010001100010100000100001000000000010000010100100001001001010101000100000101000000000000000011
1011001010100101111010111100000110100000010010000000000100010100010000000000100000010010010100001000110000000000001
1010101110100010110111010010101100110000100000010000010010010000001000000000000000100011010001010000000000000100001
1010101111000001101010111001011100110000010000010000010110100001000000000000000000000100000100010000100000010010001
1100101101010000011111101101100011010000000000001000011001000000100000000000000000000000101100101110000110000000011
0110111100100110110110101100001100000101010000100100110001000000010000000000100000100011010001010000000000000000011
0110111110000010111001000111011010000110100000110010010001000000000000000000000001000010100000000000000001100001101
1011000110101011110010111000011100100000010001000000000010011000010000000100000010100110010000010000100000000010011
0111100101000111011101010011001010000100101001000100000010000000100000000000010011000100101000100000000001000000111
1101001001011000011011110101110011000000000010000000001000000000100010000010000000000000100100001100010010001001010
1011000101110101101011010001100110100000100001000000000010000011000101010000001000001000000100001000000000010000010
0111100101001011011000111010001110000100011001000000000010000000100000000010000011000100010000000001101000000000101
0111100101010010101000111001101110000100011001001000000010000001000000100000000001000000000000000000100100010100110
1101001000110100111011110100011101000001000010000000001000000000010001000000000100000010010100010100010000000010010
1011000101111010010111010001111000100000100001000000000010000010100110100001000000100000100010010000000000001100011
0110111101000110100110110001101100000100010000100101010010000001000000000000001000100001000001010000000000010100001
1010101111000001011110111001011000110000010000010000010110100000100000000000000000000100101110010000100000000000011
0111010101011010010110101110001100000100010101000000100001000000100010100001000000100000010001010001001000000000011
1100101110000010110111101101011001010010000000010000010001000000000000000000000000100011100010010110000000000000010
1011000111010010101001001111001110100000100001000000000001100001000000100000000001000000000000000010001001010000100
1100011101010100011111100101011001001000000000000010011001000000100001000000000100000000101110010100000000000000001
0111010110000111111000110010001110000110010101000001000010000100000000000000010011000110010000000001000000000000111
1101001000101110110011110100011101000001000010000000000000000000010000001100000100100010010000010100010000000010010
1011001011010000011110111101100010100000010010000000001000100000100000000000000000000000101100101000110110000000001
1011001011001010100011010111011100100000100010000000000000101001000000000100000000100000000000010000010001110010010
1011001011001010011001010111011010100000100010000000000000101000100000000010000001000000100000000000010001100001110
1011000111000111101000111001001110100000010001000000000010100101000000000000100011000100000000000000100000010000110
1011000110110010111000111000101110100000010001000000000010010000010000100000000001000010010000000000100100000100110
0111010110000111111000110010001110000110010101000001000010000100000000000000010011000110010000000001000000000000111
1011001001101110010111010110001100100000100010000000000000000010101000001001010000100000010001010000010000000000010
0110111101001010100011000111011100000100100000100010010001000001000000000100000000100000000000010000000001110010010
1011001010100110111000111100001110100000010010000000000000010100010000000000100001000010010000000000110000000000100
1011000111001011010110111001011000100000010001000000000010101000100000000001000010100100100010010000100000000000001
1101000101001111100011101101000111000000000001000000000001000001000000001100100010110000000000001110000000010000010
0111010101011010100010101101100110000100010101000000100001000001000010100100000000100000000000001000000110010000001
0110111101001010011000101110001110000100010000100000110001000000100000000010000001000000010000000001001000000000100
0110111101000110101001000111001110000100100000100110010001000001000000000000010001000000000000000000000001010000100
1011000101101111011001010010001110100000100001000000000010000010101000001010010011000100010000000000000000000000101
