-3.000000
-3.000000
-3.000000
-3.000000
-3.750000
-3.750000
-3.000000
-3.000000
-3.750000
-3.000000
-3.750000
-3.750000
-3.750000
-4.500000
-3.000000
-3.750000
-3.000000
-3.000000
-3.000000
-3.750000
-3.000000
-3.000000
-3.000000
-3.000000
-3.750000
-3.000000
-3.750000
-3.000000
-3.750000
-3.750000
-3.000000
-3.000000
-3.000000
13.875000
13.875000
14.250000
14.250000
13.875000
14.250000
14.250000
13.875000
13.875000
14.250000
14.250000
13.875000
13.875000
14.250000
14.812500
14.812500
14.812500
14.250000
14.250000
14.250000
13.875000
14.250000
14.250000
13.875000
13.875000
14.250000
14.250000
14.812500
14.812500
14.250000
13.875000
13.875000
14.250000
14.250000
14.250000
14.812500
14.812500
14.250000
14.250000
14.812500
14.250000
14.250000
14.250000
14.812500
14.812500
14.812500
14.812500
14.250000
13.875000
13.875000
14.250000
14.250000
14.250000
13.875000
14.250000
13.875000
13.875000
14.250000
13.875000
14.250000
14.250000
14.250000
13.875000
13.875000
13.875000
14.250000
14.250000
14.250000
13.875000
14.812500
14.812500
14.250000
14.250000
14.812500
13.875000
14.812500
14.250000
14.250000
14.250000
13.875000
-12.750000
-25.500000
