1101000101011010100011101101011101000000000001000000000001000001000010100100000000100000000000010110000000010010011
0111101001010000101011010111100110000100101010001000001000000001000000000000000000000000000100001000010011010000011
1011000110110010110111010010101100100000100001000000000010010000001000100000000000100011010001010000000000000100001
0110111101001010100010101101100110000100010000100000110001000001000000000100000000100000000000001000000110010000011
0111100101001011100010111001100110000100011001000000000010000001000000000100000010101000000000001000100100010000001
0110111101010000101011000111100110000100100000101010011001000001000000000000000000000000000100001000000011010000001
1101000101011001011011110010011101000000000001000000000010000000100010010010000000000100010100010101000000100010010
1101000101011010100011110001111101000000000001000000000010000001000010100100000000100000000000010100000000011110001
1011000111010010011101010011101010100000100001000000000010100000100000100000000001000000101000100000000001000100101
0111101000110000111010111100100110000101011010001000001000000000010000000000000000000010010100001000110110000000000
1101000110010010111001101110001111000010000001000000000001000000000000100000000001000010010000000111001000000000111
1011001011000101101010111101000110100000010010000000000100100101000000000000100000010000000100001000110000010000001
1011001010101010110011010101110010100000100010000000000000011000000100000100000000100010100000001000010010001001010
1101000110010001111011101110000111000010000001000000000001000000000000010000000000010010010100001111001000000000001
0110111100101010110010110000111100000101010000100001010010000000010000000100000000100010010000010000000000001110000
1100011110000110111001100101011011001010000000000010010001000100000000000000000101000010100000000100000000000001101
1101001001010100011111110101011001000000000010000000001000000000100001000000000100000000101110010100010000000000011
1101000100101111110011101100000111000001000001000000000001000000010000001100100010110010010000001110000000000000000
1010011111001010100011000111011100101000100000000010010001101001000000000100000000100000000000010000000001110010000
1011000110110010111001001110001110100000100001000000000001010000001000100000000001000010010000000010001000000000111
1010101111000001101011010011011100110000100000010000010110100001000000000000000000000100000100010000000001110010000
0111010101001111010110101101000010000100010101000000100001000000100000001001100010110000100000101000000000000000000
0110111101010000101011000111011100000100100000101010011001000001000000000000000000000000000100010000000001110010010
1100101101000110011101110001101011010000000000000100010010000000100000000000001001000000101000100100000000000100101
1010101111000010011100111001101010110000010000010000010010100000100000000000000001000000101000100000100100000100100
0111100101000111101000111001001110000100011001000100000010000001000000000000100011000100000000000000100000010000101
1011000101110110101001010001101110100000100001000000000010000011000101100000001001000000000000000000000000010100101
1101000101011010011001101110001111000000000001000000000001000000100010100010000001000000010000000111001000000000101
1011000110101011110011001110000110100000100001000000000001011000001000000100000010110010010000001010001000000000000
1011001011010000011110111101100010100000010010000000001000100000100000000000000000000000101100101000110110000000010
1101000101011010100011101101011101000000000001000000000001000001000010100100000000100000000000010110000000010010011
1010101110100010111001001110001110110000100000010000010001010000001000000000000001000010010000000010001000000000101
1101000101010101011111110001100011000000000001000000000010000000100001010000001000001000101100101100000000000000001
1101000110001011110011101101010011000010000001000000000001001000000000000100000010110010100000001110000000000001010
1100101101010000011111101101100011010000000000001000011001000000100000000000000000000000101100101110000110000000000
1011000101111010011001001110001110100000100001000000000001000010101010100010000001000000010000000010001000000000110
1101000101011001011011110010100111000000000001000000000010000000100010010010000000001000010100001101000000000000011
1010011111000110100110101101001100101000010000000000110001100101000000000000100000100001000001010000000000010000010
1101001001001110010111110101100011000000000010000000000000000000100000001001001000100000100000101100010010000000011
1011001011001010010111010111011000100000100010000000000000101000100000000001000000100000100010010000010001100000001
1010101111000001101010111001100110110000010000010000010110100001000000000000000000001000000100001000100100010000010
1101000101001111010111101101000011000000000001000000000001000000100000001001100010110000100000101110000000000000010
1100101110000001111011101101010011010010000000010000010101000000000000000000000000010010100100001110000000000001010
0111101001000101101010111101000110000100011010000100000100000001000000000000100000010000000100001000110000010000001
1011000101101111010111010001011000100000100001000000000010000010100100001001000110100100100010010000000000000000000
0111101001001010100011010111011100000100101010000000000000000001000000000100000000100000000000010000010001110010011
0110111100100110111000110000101110000101010000100101010010000000010000000000001001000010010000000000000000000100110
0110111101000101101010110001100110000100010000100101010110000001000000000000001000001000000100001000000000010000001
0110111100110000111010101100100110000101010000101000111001000000010000000000000000000010010100001000000110000000000
0110111101001001011010110010100110000100010000100001010110000000100000000010000000001000010100001001000000000000001
