-2.500000
-2.500000
-2.500000
-2.500000
-3.000000
-3.000000
-2.500000
-2.500000
-3.000000
-2.500000
-3.000000
-3.000000
-3.000000
-3.500000
-2.500000
-3.000000
-2.500000
-2.500000
-2.500000
-3.000000
-2.500000
-2.500000
-2.500000
-2.500000
-3.000000
-2.500000
-3.000000
-2.500000
-3.000000
-3.000000
-2.500000
-2.500000
-2.500000
7.250000
7.250000
7.625000
7.625000
7.250000
7.625000
7.625000
7.250000
7.250000
7.625000
7.625000
7.250000
7.250000
7.625000
8.187500
8.187500
8.187500
7.625000
7.625000
7.625000
7.250000
7.625000
7.625000
7.250000
7.250000
7.625000
7.625000
8.187500
8.187500
7.625000
7.250000
7.250000
7.625000
7.625000
7.625000
8.187500
8.187500
7.625000
7.625000
8.187500
7.625000
7.625000
7.625000
8.187500
8.187500
8.187500
8.187500
7.625000
7.250000
7.250000
7.625000
7.625000
7.625000
7.250000
7.625000
7.250000
7.250000
7.625000
7.250000
7.625000
7.625000
7.625000
7.250000
7.250000
7.250000
7.625000
7.625000
7.625000
7.250000
8.187500
8.187500
7.625000
7.625000
8.187500
7.250000
8.187500
7.625000
7.625000
7.625000
7.250000
6.375000
12.750000
