0111010110010010111000110010101110000110010101000001000010000000000000100000000001000010010000000001000000000100100
1011001010100110110110111100001100100000010010000000000000010100010000000000100000100011010001010000110000000000010
1011001001101110011001010101011010100000100010000000000000000010100100001010000101000000100000000000010000000001100
1010011101101110011001000101011010101000100000000010010001000010100100001010000101000000100000000000000000000001101
0111100101010001101010111001100110000100011001001000000010000001000000010000000000001000000100001000100100010000000
1010011111001010100010101101100110101000010000000000110001101001000000000100000000100000000000001000000110010000010
1101000110000111110111101101000011000010000001000000000001000100000000000000100010110011100000101110000000000000001
1101000100101111110011110000011101000001000001000000000010000000010000001100000110100110010000010100000000000010001
1011001011001001011010111101010010100000010010000000000100101000100000000010000000010000100100001000110000000001010
1010011111001010010110101101011000101000010000000000110001101000100000000001000000100000100010010000000000000000000
0111011000101110110010110100011100000101010110000001000000000000010000001100000100100010010000010000010000000010001
1101000110001011110011110010100111000010000001000000000010001000000000000100000010101010010000001101000000000000000
1101000100110110110111110000101101000001000001000000000010000000010001100000001000100011010001010100000000000100001
1010101101100101011111010001011000110000100000000100010110000010100100000000000100000100101110010000000000000000011
0111010101010110101001000111001110000100100101000010000001000001000001100000010001000000000000000000000001010000100
0111100100101011110010111000100110000101011001000000000010000000010000000100000010101010010000001000100100000000001
1101001001001101011011110110000111000000000010000000000100000000100000001010010000010000010100001101010000000000000
1011000101111010010111001110001100100000100001000000000001000010101010100001000000100000010001010010001000000000001
1010101101100110101001001101001110110000100000000100010001000011000100000000100001000000000000000010000000010000100
1101001001011000011011110101110011000000000010000000001000000000100010000010000000000000100100001100010010001001000
0111010101001111011000110001011010000100010101000001000010000000100000001010000111000100100000000000000000000001101
0110111100110000111011000110100110000101100000101010011001000000001000000000000000000010010100001000000010000000010
1010101101101001011011010010100110110000100000000000010110000010101000000010000000001000010100001000000000000000000
0111100101001011010111010011011000000100101001000000000010000000100000000001000010100100100010010000000001100000010
0111100101000111100110111001001100000100011001000100000010000001000000000000100010100101000001010000100000010000001
1101001001010100011111110101100011000000000010000000001000000000100001000000001000000000101100101100010010000000000
1100101110000001111011101101010011010010000000010000010101000000000000000000000000010010100100001110000000000001010
0111100101010010101001001111001110000100101001001000000001000001000000100000000001000000000000000010001001010000100
1010011101101110011000110000101110101000010000000001010010000010110000001010001001000000010000000000000000000100101
1010011101101110100011000101100110101000100000000010010001000011000100001100001000100000000000001000000010010000001
1011000111010010100111001111001100100000100001000000000001100001000000100000000000100001000001010010001001010000010
1011000101111001011011010001110010100000100001000000000010000010100110010010000000001000100100001000000000001001001
0111010101011010010110110010101100000100010101000001000010000000100010100001000000100000010001010001000000000100001
1101000101010101011111101101000011000000000001000000000001000000100001010000100000010000101100101110000000000000010
1011000111010010100110111001101100100000010001000000000010100001000000100000000000100001000001010000100100010100010
1010011101111000011010101100011100101000010000000000111001000010110010000010000000000000010100010000000000000010001
1011000110101011110011001101010010100000100001000000000001011000000100000100000010110010100000001010000000000001001
0111011000110100111010110100011100000101010110000001001000000000010001000000000100000010010100010000010000000010001
1011000110110010111000111000101110100000010001000000000010010000010000100000000001000010010000000000100100000100100
0111100101001011100010111001011100000100011001000000000010000001000000000100000010100100000000010000100000010010000
0111011010000110110110110110001100000110010110000001000000000100000000000000010000100011010001010001010000000000001
1011001001101110010111010101100010100000100010000000000000000010100100001001001000100000100000101000010010000000010
1010101101101001011011001110000110110000100000000000010101000010101000000010000000010000010100001010001000000000001
1011000101111010010111010010101100100000100001000000000010000010101010100001000000100000010001010000000000000100010
0111100110000011110111010011100010000110101001010000000010000000000000000000000010101011100000101000000001000000001
1010101101101010100011010001111100110000100000000000010010000011000100000100000000100000000000010000000000011110010
1011000111010001011111010011100010100000100001000000000010100000100000010000000000001000101100101000000001000000000
1010101111000001011110111001100010110000010000010000010110100000100000000000000000001000101100101000100100000000011
1010101101100101101011010001100110110000100000000100010110000011000100000000001000001000000100001000000000010000010
1010011101101110011000101100001110101000010000000000110001000010110000001010100001000000010000000000000000000000110
