1010101111000001101010111001011100110000010000010000010110100001000000000000000000000100000100010000100000010010010
0111100101001011010110111001011000000100011001000000000010000000100000000001000010100100100010010000100000000000000
1101000100111010110011110000111101000001000001000000000010000000010010100100000000100010010000010100000000001110001
0111100101010001101010111001011100000100011001001000000010000001000000010000000000000100000100010000100000010010000
0110111110000010110110101101100010000110010000110000110001000000000000000000000000100011100000101000000110000000001
0111101001000110100110111101001100000100011010000100000000000001000000000000100000100001000001010000110000010000000
1011000101101111010110111000001100100000010001000000000010000010110000001001100010100100010001010000100000000000011
0111101000100110110111010101011000000101101010000100000000000000000100000000000100100011100010010000010000000000010
1010101101100101011111010001011000110000100000000100010110000010100100000000000100000100101110010000000000000000011
1100101101010000011111110001111001010000000000001000011010000000100000000000000000000000101110010100000000001100010
1011000101110101011111010010001100100000100001000000000010000010101001010000010000000100011101010000000000000000001
1101001001011000011011110101110011000000000010000000001000000000100010000010000000000000100100001100010010001001000
1101000101011010011001110001111011000000000001000000000010000000100010100010000001000000100000000100000000001101100
1010101101110000101011001101100110110000100000001000011001000011000100000000000000000000000100001010000110010000001
1101000110000111110111110010001101000010000001000000000010000100000000000000010010100111010001010101000000000000001
1010101101110000101011001101100110110000100000001000011001000011000100000000000000000000000100001010000110010000001
1011000110100111110111010010001100100000100001000000000010010100001000000000010010100111010001010000000000000000001
0110111101000101011110110001011000000100010000100101010110000000100000000000000100000100101110010000000000000000001
1101000110001011110011101101010011000010000001000000000001001000000000000100000010110010100000001110000000000001010
1011001001110100101011010101011100100000100010000000001000000011000101000000000100000000000100010000010000010010000
0110111101010000011111000111100010000100100000101010011001000000100000000000000000000000101100101000000011000000001
0110111110000010110110110001111000000110010000110001010010000000000000000000000000100011100010010000000000001100001
0111101000110000111011010110011100000101101010001000001000000000001000000000000000000010010100010000010000100010010
1011000101110101101011010001011100100000100001000000000010000011000101010000000100000100000100010000000000010010010
0111010101001111100010110001011100000100010101000001000010000001000000001100000110100100000000010000000000010010001
1100101100100110111001101100001111010001000000000100010001000000010000000000100001000010010000000110000000000000100
1100101101000101011111110010001101010000000000000100010110000000100000000000010000000100011101010101000000000000001
1101000110001011110011110010100111000010000001000000000010001000000000000100000010101010010000001101000000000000000
0111101000110000111011010101110010000101101010001000001000000000000100000000000000000010100100001000010010001001001
0111010110010010110110110001111000000110010101000001000010000000000000100000000000100011100010010000000000001100001
1010011101101101011011000110000110101000100000000010010101000010101000001010010000010000010100001000000000000000011
0111100101010010100111010011101100000100101001001000000010000001000000100000000000100001000001010000000001010100010
1101000101011010100011110001111101000000000001000000000010000001000010100100000000100000000000010100000000011110000
1011001011000101011111010111000010100000100010000000000100100100100000000000010000010000101100101000010001000000001
1011000101111001011010111000100110100000010001000000000010000010110010010010000000001000010100001000100100000000001
1011000101110101101011010001011100100000100001000000000010000011000101010000000100000100000100010000000000010010010
1011000111001011010110111001100010100000010001000000000010101000100000000001000010101000100000101000100100000000001
0111010101010101101010101101000110000100010101000000100001000001000001010000100000010000000100001000000000010000000
0111010110010010110110101101100010000110010101000000100001000000000000100000000000100011100000101000000110000000001
1100011110010000111011100101110011001010000000000010011001000000000000000000000000000010100100001100000010001001010
1101000110001011110011110001110011000010000001000000000010001000000000000100000010101010100000001100000000001001010
1011001001111000011011010101110010100000100010000000001000000010100110000010000000000000100100001000010010001001001
0110111101000110100110110001101100000100010000100101010010000001000000000000001000100001000001010000000000010100010
0111100100101011110011010001110010000101101001000000000010000000000100000100000010101010100000001000000000001001001
1101000101010101011111101101000011000000000001000000000001000000100001010000100000010000101100101110000000000000010
1010101111000010011101010011101010110000100000010000010010100000100000000000000001000000101000100000000001000100110
1011000101111010100011001101100110100000100001000000000001000011000110100100000000100000000000001010000110010000001
0111100100101011110010111000100110000101011001000000000010000000010000000100000010101010010000001000100100000000001
1101000101011010011001101110001111000000000001000000000001000000100010100010000001000000010000000111001000000000100
1011000111010001011110111001100010100000010001000000000010100000100000010000000000001000101100101000100100000000010
