-3.000000
-3.000000
-3.000000
-3.000000
-3.750000
-3.750000
-3.000000
-3.000000
-3.750000
-3.000000
-3.750000
-3.750000
-3.750000
-4.500000
-3.000000
-3.750000
-3.000000
-3.000000
-3.000000
-3.750000
-3.000000
-3.000000
-3.000000
-3.000000
-3.750000
-3.000000
-3.750000
-3.000000
-3.750000
-3.750000
-3.000000
-3.000000
-3.000000
13.375000
13.375000
13.750000
13.750000
13.375000
13.750000
13.750000
13.375000
13.375000
13.750000
13.750000
13.375000
13.375000
13.750000
14.312500
14.312500
14.312500
13.750000
13.750000
13.750000
13.375000
13.750000
13.750000
13.375000
13.375000
13.750000
13.750000
14.312500
14.312500
13.750000
13.375000
13.375000
13.750000
13.750000
13.750000
14.312500
14.312500
13.750000
13.750000
14.312500
13.750000
13.750000
13.750000
14.312500
14.312500
14.312500
14.312500
13.750000
13.375000
13.375000
13.750000
13.750000
13.750000
13.375000
13.750000
13.375000
13.375000
13.750000
13.375000
13.750000
13.750000
13.750000
13.375000
13.375000
13.375000
13.750000
13.750000
13.750000
13.375000
14.312500
14.312500
13.750000
13.750000
14.312500
13.375000
14.312500
13.750000
13.750000
13.750000
13.375000
-12.250000
-24.500000
