0111010110001011110010110010011100000110010101000001000010001000000000000100000010100110010000010001000000100010010
0111011001011000011010110110011100000100010110000001001000000000100010000010000000000000010100010001010000100010011
1010011111001001011010101110000110101000010000000000110101101000100000000010000000010000010100001001001000000000001
1011000101110101011111010010001100100000100001000000000010000010101001010000010000000100011101010000000000000000011
1010101101110000101011010001111100110000100000001000011010000011000100000000000000000000000100010000000000011110011
1010011111000101101010110001011100101000010000000001010110100101000000000000000100000100000100010000000000010010011
0111010101011001011010101110000110000100010101000000100001000000100010010010000000010000010100001001001000000000011
0110111100110000111010101100100110000101010000101000111001000000010000000000000000000010010100001000000110000000011
1010011111000110011101000111001010101000100000000010010001100100100000000000010001000000101000100000000001000000111
1011000111001011011001010011011010100000100001000000000010101000100000000010000011000100100000000000000001100001111
1011000111010001011111001111000010100000100001000000000001100000100000010000000000010000101100101010001001000000011
0111010100110110110110101100001100000101010101000000100001000000010001100000100000100011010001010000000000000000001
1011000101111010100011001101100110100000100001000000000001000011000110100100000000100000000000001010000110010000011
1011000101111001011010111000100110100000010001000000000010000010110010010010000000001000010100001000100100000000011
1011000101111001011011001110000110100000100001000000000001000010101010010010000000010000010100001010001000000000011
0111010101010101011110101101000010000100010101000000100001000000100001010000100000010000101100101000000000000000011
1010011111001001011010101101010010101000010000000000110101101000100000000010000000010000100100001000000000000001011
0111100101001011010110111010001100000100011001000000000010000000100000000001000010100100010001010001101000000000011
0111010110010010110110101101100010000110010101000000100001000000000000100000000000100011100000101000000110000000011
1010101111000001011111010011011000110000100000010000010110100000100000000000000000000100101110010000000001100000001
1011000101110101011111010010001100100000100001000000000010000010101001010000010000000100011101010000000000000000011
1100101101000101011111101101000011010000000000000100010101000000100000000000100000010000101100101110000000000000011
1011000101101111010111010001100010100000100001000000000010000010100100001001001010101000100000101000000000000000011
0111100100100111111001010001011010000101101001000100000010000000000100000000000111000110100000000000000000000001111
0111010110010010110110101101100010000110010101000000100001000000000000100000000000100011100000101000000110000000011
0111100100110001111010111000011100000101011001001000000010000000010000010000000000000110010100010000100000000010011
0111010101001111010110101101000010000100010101000000100001000000100000001001100010110000100000101000000000000000011
0111010100110101111010110000100110000101010101000001000010000000010001010000001000001010010100001000000000000000011
1010101101100101011111001101000010110000100000000100010101000010100100000000100000010000101100101010000000000000010
1100011101010100011111100110001101001000000000000010011001000000100001000000010000000000011101010101000000000000011
0111010110000111111000110001011010000110010101000001000010000100000000000000000111000110100000000000000000000001111
1010101110100010110111001101100010110000100000010000010001010000000100000000000000100011100000101010000110000000001
0110111101010000011110110001111000000100010000101001011010000000100000000000000000000000101110010000000000001100011
0111010101010101011110110001011000000100010101000001000010000000100001010000000100000100101110010000000000000000011
1101000110000111110111101101000011000010000001000000000001000100000000000000100010110011100000101110000000000000011
1010011101101110010110101100001100101000010000000000110001000010110000001001100000100000010001010000000000000000011
0111010100110101111010110000100110000101010101000001000010000000010001010000001000001010010100001000000000000000011
0110111110000010110110110001111000000110010000110001010010000000000000000000000000100011100010010000000000001100011
0111100110000011110110111001011000000110011001010000000010000000000000000000000010100111100010010000100000000000011
1011000111001011010111001111000010100000100001000000000001101000100000000001000010110000100000101010001001000000001
1101000100101111110011101100000111000001000001000000000001000000010000001100100010110010010000001110000000000000011
0110111101010000011110101101100010000100010000101000111001000000100000000000000000000000101100101000000110000000011
1100011101010100011111100101100011001000000000000010011001000000100001000000001000000000101100101100000010000000011
0111100110000011110110111001100010000110011001010000000010000000000000000000000010101011100000101000100100000000001
1010101111000001011111010011011000110000100000010000010110100000100000000000000000000100101110010000000001100000001
0111101010000001111011010111010010000110101010010000000100000000000000000000000000010010100100001000010001100001011
0111100101010010011101001111001010000100101001001000000001000000100000100000000001000000101000100010001001000000111
1010101101100101011111010010001100110000100000000100010110000010101000000000010000000100011101010000000000000000001
1011000110100111110111010001100010100000100001000000000010010100000100000000001010101011100000101000000000000000011
0110111110000001111010110001110010000110010000110001010110000000000000000000000000001010100100001000000000001001011
