-3.000000
-3.000000
-3.000000
-3.000000
-3.750000
-3.750000
-3.000000
-3.000000
-3.750000
-3.000000
-3.750000
-3.750000
-3.750000
-4.500000
-3.000000
-3.750000
-3.000000
-3.000000
-3.000000
-3.750000
-3.000000
-3.000000
-3.000000
-3.000000
-3.750000
-3.000000
-3.750000
-3.000000
-3.750000
-3.750000
-3.000000
-3.000000
-3.000000
12.375000
12.375000
12.750000
12.750000
12.375000
12.750000
12.750000
12.375000
12.375000
12.750000
12.750000
12.375000
12.375000
12.750000
13.312500
13.312500
13.312500
12.750000
12.750000
12.750000
12.375000
12.750000
12.750000
12.375000
12.375000
12.750000
12.750000
13.312500
13.312500
12.750000
12.375000
12.375000
12.750000
12.750000
12.750000
13.312500
13.312500
12.750000
12.750000
13.312500
12.750000
12.750000
12.750000
13.312500
13.312500
13.312500
13.312500
12.750000
12.375000
12.375000
12.750000
12.750000
12.750000
12.375000
12.750000
12.375000
12.375000
12.750000
12.375000
12.750000
12.750000
12.750000
12.375000
12.375000
12.375000
12.750000
12.750000
12.750000
12.375000
13.312500
13.312500
12.750000
12.750000
13.312500
12.375000
13.312500
12.750000
12.750000
12.750000
12.375000
11.250000
22.500000
