0111010101011001011010110010011100000100010101000001000010000000100010010010000000000100010100010001000000100010011
1011000101110101011110111000001100100000010001000000000010000010110001010000100000000100011101010000100000000000011
1010011110100110110111000101100010101000100000000010010001010100000100000000001000100011100000101000000010000000011
1010011101111000011011000110011100101000100000000010011001000010101010000010000000000000010100010000000000100010011
0111010110000111110110110010001100000110010101000001000010000100000000000000010010100111010001010001000000000000001
0111010101001111010110110010001100000100010101000001000010000000100000001001010010100100010001010001000000000000011
0111010110000111110110101101000010000110010101000000100001000100000000000000100010110011100000101000000000000000011
1010011111001001011010101110000110101000010000000000110101101000100000000010000000010000010100001001001000000000011
0111010101001111010110110010001100000100010101000001000010000000100000001001010010100100010001010001000000000000011
1010011110100101111010110000011100101000010000000001010110010100010000000000000100000110010100010000000000000010011
1010101101100101011111001101000010110000100000000100010101000010100100000000100000010000101100101010000000000000001
1010101101110000011110111000101100110000010000001000011010000010110000000000000000000000011101010000100100000100001
1011000101111010010110111000101100100000010001000000000010000010110010100001000000100000010001010000100100000100011
0111100110000011110111010011011000000110101001010000000010000000000000000000000010100111100010010000000001100000011
1010011101110100011110110000101100101000010000000001011010000010110001000000001000000000011101010000000000000100001
1011000111001011010110111010001100100000010001000000000010101000100000000001000010100100010001010001101000000000011
0111010101010101011111000111000010000100100101000010000001000000100001010000010000010000101100101000000001000000011
1010101101100101011110111000001100110000010000000100010110000010110000000000100000000100011101010000100000000000001
0111100100100111110110111000001100000101011001000100000010000000010000000000100010100111010001010000100000000000001
1010011101110100011111000101011000101000100000000010011001000010100101000000000100000000101110010000000000000000011
1010011101111000011011000101110010101000100000000010011001000010100110000010000000000000100100001000000010001001001
1010011101101101011011000101010010101000100000000010010101000010100100001010000100010000100100001000000000000001001
0111010100101111110011000101010010000101100101000010000001000000000100001100000110110010100000001000000000000001001
1010011110100110110111000101100010101000100000000010010001010100000100000000001000100011100000101000000010000000011
0111100110000011110110111010001100000110011001010000000010000000000000000000000010100111010001010001101000000000001
1011000110100111110111001101000010100000100001000000000001010100000100000000100010110011100000101010000000000000011
1010011101110100011110110000101100101000010000000001011010000010110001000000001000000000011101010000000000000100001
1010101101110000011111001101100010110000100000001000011001000010100100000000000000000000101100101010000110000000001
0110111100110000111010110000111100000101010000101001011010000000010000000000000000000010010100010000000000001110011
1010011110100101111011000101010010101000100000000010010101010100000100000000000100010010100100001000000000000001011
0111100110000011110111001111000010000110101001010000000001000000000000000000000010110011100000101010001001000000001
0110111100100110110110110000101100000101010000100101010010000000010000000000001000100011010001010000000000000100011
0111100110000011110111001111000010000110101001010000000001000000000000000000000010110011100000101010001001000000001
0110111100110000111011000101110010000101100000101010011001000000000100000000000000000010100100001000000010001001011
1011000101101111010111001101000010100000100001000000000001000010100100001001100010110000100000101010000000000000011
1010011101110100011110110000101100101000010000000001011010000010110001000000001000000000011101010000000000000100001
1010011101111000011010110000111100101000010000000001011010000010110010000010000000000000010100010000000000001110001
1010011110100101111011000101010010101000100000000010010101010100000100000000000100010010100100001000000000000001011
1010011111001001011010110001110010101000010000000001010110101000100000000010000000001000100100001000000000001001011
0111010101010101011111000111000010000100100101000010000001000000100001010000010000010000101100101000000001000000011
1010101101100101011111010001011000110000100000000100010110000010100100000000000100000100101110010000000000000000011
1010011111000101011110101101000010101000010000000000110101100100100000000000100000010000101100101000000000000000011
1010101101110000011110111000101100110000010000001000011010000010110000000000000000000000011101010000100100000100001
0110111101000101011110110010001100000100010000100101010110000000100000000000010000000100011101010001000000000000011
1011000101101111010110111000001100100000010001000000000010000010110000001001100010100100010001010000100000000000011
0111100110000011110110111010001100000110011001010000000010000000000000000000000010100111010001010001101000000000001
0111010101011001011011000111010010000100100101000010000001000000100010010010000000010000100100001000000001100001011
0111010110001011110010110001110010000110010101000001000010001000000000000100000010101010100000001000000000001001011
0111010101010101011110110010001100000100010101000001000010000000100001010000010000000100011101010001000000000000011
1011000101110101011110111000001100100000010001000000000010000010110001010000100000000100011101010000100000000000011
