-3.000000
-3.000000
-3.000000
-3.000000
-3.750000
-3.750000
-3.000000
-3.000000
-3.750000
-3.000000
-3.750000
-3.750000
-3.750000
-4.500000
-3.000000
-3.750000
-3.000000
-3.000000
-3.000000
-3.750000
-3.000000
-3.000000
-3.000000
-3.000000
-3.750000
-3.000000
-3.750000
-3.000000
-3.750000
-3.750000
-3.000000
-3.000000
-3.000000
12.875000
12.875000
13.250000
13.250000
12.875000
13.250000
13.250000
12.875000
12.875000
13.250000
13.250000
12.875000
12.875000
13.250000
13.812500
13.812500
13.812500
13.250000
13.250000
13.250000
12.875000
13.250000
13.250000
12.875000
12.875000
13.250000
13.250000
13.812500
13.812500
13.250000
12.875000
12.875000
13.250000
13.250000
13.250000
13.812500
13.812500
13.250000
13.250000
13.812500
13.250000
13.250000
13.250000
13.812500
13.812500
13.812500
13.812500
13.250000
12.875000
12.875000
13.250000
13.250000
13.250000
12.875000
13.250000
12.875000
12.875000
13.250000
12.875000
13.250000
13.250000
13.250000
12.875000
12.875000
12.875000
13.250000
13.250000
13.250000
12.875000
13.812500
13.812500
13.250000
13.250000
13.812500
12.875000
13.812500
13.250000
13.250000
13.250000
12.875000
-11.750000
-23.500000
