0110111101001010010110101110001100000100010000100000110001000000100000000001000000100000010001010001001000000000001
1011001011001010010110111110001100100000010010000000000000101000100000000001000000100000010001010001111000000000010
0111100101001011100010111001100110000100011001000000000010000001000000000100000010101000000000001000100100010000001
1011001011010000101010111101100110100000010010000000001000100001000000000000000000000000000100001000110110010000011
0111100101001011100011010011100110000100101001000000000010000001000000000100000010101000000000001000000001010000011
0111010110010010110110101110001100000110010101000000100001000000000000100000000000100011010001010001001000000000000
0110111100110000111011000110100110000101100000101010011001000000001000000000000000000010010100001000000010000000010
1101000100101111110011101100000111000001000001000000000001000000010000001100100010110010010000001110000000000000000
0111100101010010100111010011101100000100101001001000000010000001000000100000000000100001000001010000000001010100010
1101000110000111110111101101000011000010000001000000000001000100000000000000100010110011100000101110000000000000000
1100101101010000101011110001111101010000000000001000011010000001000000000000000000000000000100010100000000011110001
0111101001000101011110111101000010000100011010000100000100000000100000000000100000010000101100101000110000000000000
0111100100100111111000111000001110000101011001000100000010000000010000000000100011000110010000000000100000000000100
0111010110001011110010101101010010000110010101000000100001001000000000000100000010110010100000001000000000000001000
1010101101101010011001010010101110110000100000000000010010000010101000000010000001000000010000000000000000000100111
1101001000110100111011110100100111000001000010000000001000000000010001000000001000000010010100001100010010000000001
1010011110110000111010101100011100101000010000000000111001010000010000000000000000000010010100010000000000000010001
0111100110000011111000111010001110000110011001010000000010000000000000000000000011000110010000000001101000000000100
1011000101101111011001010001011010100000100001000000000010000010100100001010000111000100100000000000000000000001100
1011000101110101011111010001100010100000100001000000000010000010100101010000001000001000101100101000000000000000000
1100011110001010110011100101110011001010000000000010010001001000000000000100000000100010100000001100000010001001000
1011000111000111100110111001001100100000010001000000000010100101000000000000100010100101000001010000100000010000000
0111011010010000111010110101110010000110010110000001001000000000000000000000000000000010100100001000010010001001010
0111100100110001111011010010100110000101101001001000000010000000001000010000000000001010010100001000000000000000001
1011001001101101011011010101010010100000100010000000000100000010100100001010000100010000100100001000010000000001000
1101000101010110100111110001101101000000000001000000000010000001000001100000001000100001000001010100000000010100001
1011001001110100101011010101100110100000100010000000001000000011000101000000001000000000000100001000010010010000001
1100101101010000011111101110001101010000000000001000011001000000100000000000000000000000011101010111001000000000000
0110111110000001111010110001110010000110010000110001010110000000000000000000000000001010100100001000000000001001000
1011000101111010010111010001111000100000100001000000000010000010100110100001000000100000100010010000000000001100000
1010101101100101101011010001100110110000100000000100010110000011000100000000001000001000000100001000000000010000010
1010011101101110010111000101011000101000100000000010010001000010100100001001000100100000100010010000000000000000000
0111101001001001011010111101010010000100011010000000000100000000100000000010000000010000100100001000110000000001001
0111101010000010111000111101011010000110011010010000000000000000000000000000000001000010100000000000110000000001111
0111010101011010100011000111100110000100100101000010000001000001000010100100000000100000000000001000000011010000010
1010011111001010010110110010101100101000010000000001010010101000100000000001000000100000010001010001000000000100000
0111010100110101111010101100000110000101010101000000100001000000010001010000100000010010010100001000000000000000000
1010011101101110011001000110001110101000100000000010010001000010101000001010010001000000010000000000000000000000110
0111010101001111100010110001100110000100010101000001000010000001000000001100001010101000000000001000000000010000010
0111101001001010100011010111011100000100101010000000000000000001000000000100000000100000000000010000010001110010011
1100101110000010110111110010101101010010000000010000010010000000000000000000000000100011010001010101000000000100010
1011000101110110011101001101001010100000100001000000000001000010100101100000100001000000101000100010000000000000100
1011000110101011110011010001110010100000100001000000000010011000000100000100000010101010100000001000000000001001000
0111100101010010101000111001101110000100011001001000000010000001000000100000000001000000000000000000100100010100101
1100011101001110010111100101011001001000000000000010010001000000100000001001000100100000100010010100000000000000001
0111100100110001111011010001110010000101101001001000000010000000000100010000000000001010100100001000000000001001000
1011000101111010011000111000101110100000010001000000000010000010110010100010000001000000010000000000100100000100100
1010101101100101101011010001100110110000100000000100010110000011000100000000001000001000000100001000000000010000010
1101001010000101111011110110000111000010000010000000000100000100000000000000010000010010010100001101010000000000001
1011000110110010111001001110001110100000100001000000000001010000001000100000000001000010010000000010001000000000111
