1011000101110101011111010010001100100000100001000000000010000010101001010000010000000100011101010000000000000000000
1101000110010010111001110001111011000010000001000000000010000000000000100000000001000010100000000100000000001101111
0111010100110101111011000110000110000101100101000010000001000000001001010000010000010010010100001000000000000000000
0110111101010000011110110010101100000100010000101001011010000000100000000000000000000000011101010001000000000100000
0111101001001001011011010111010010000100101010000000000100000000100000000010000000010000100100001000010001100001010
1101001010001010110011110110011101000010000010000000000000001000000000000100000000100010010000010101010000100010001
0110111100100110111001000101011010000101100000100110010001000000000100000000000101000010100000000000000000000001110
1010101101101001011011001110000110110000100000000000010101000010101000000010000000010000010100001010001000000000000
0111100101010001011111010011100010000100101001001000000010000000100000010000000000001000101100101000000001000000010
0111010110010010110110110010101100000110010101000001000010000000000000100000000000100011010001010001000000000100000
1011000110100111111001010001011010100000100001000000000010010100000100000000000111000110100000000000000000000001110
1011000111010001101010111001100110100000010001000000000010100001000000010000000000001000000100001000100100010000011
1100101101010000011111110001111001010000000000001000011010000000100000000000000000000000101110010100000000001100010
1010101101110000101011001101100110110000100000001000011001000011000100000000000000000000000100001010000110010000000
1010101111000001011110111001011000110000010000010000010110100000100000000000000000000100101110010000100000000000000
1011000101110110101001001101001110100000100001000000000001000011000101100000100001000000000000000010000000010000101
0111101010000010110111010111011000000110101010010000000000000000000000000000000000100011100010010000010001100000010
0111011000110100111010110100100110000101010110000001001000000000010001000000001000000010010100001000010010000000000
0111010110010001111010101110000110000110010101000000100001000000000000010000000000010010010100001001001000000000010
1100011101001110010111100110001101001000000000000010010001000000100000001001010000100000010001010101000000000000010
0111101001010000011110111110001100000100011010001000001000000000100000000000000000000000011101010001111000000000000
1010011110101010110010101100011100101000010000000000110001011000010000000100000000100010010000010000000000000010010
0111011001011000011010110110011100000100010110000001001000000000100010000010000000000000010100010001010000100010000
1010101101101010011001010001111010110000100000000000010010000010100100000010000001000000100000000000000000001101110
0110111101001010010110110010101100000100010000100001010010000000100000000001000000100000010001010001000000000100001
0111010101010110011100101101001010000100010101000000100001000000100001100000100001000000101000100000000000000000110
0110111100101010110010110000111100000101010000100001010010000000010000000100000000100010010000010000000000001110000
1010011110100101111011000110000110101000100000000010010101010100001000000000010000010010010100001000000000000000000
1011000101111010010111001101011000100000100001000000000001000010100110100001000000100000100010010010000000000000010
0111010101010101101011000111000110000100100101000010000001000001000001010000010000010000000100001000000001010000010
1010101101101001011011010010011100110000100000000000010110000010101000000010000000000100010100010000000000100010000
1100101100110000111011101100100111010001000000001000011001000000010000000000000000000010010100001110000110000000000
0111010101001111011000110001011010000100010101000001000010000000100000001010000111000100100000000000000000000001100
1011000110110010110111001110001100100000100001000000000001010000001000100000000000100011010001010010001000000000010
1010101101101010010111010001111000110000100000000000010010000010100100000001000000100000100010010000000000001100010
1011000110110010111001001110001110100000100001000000000001010000001000100000000001000010010000000010001000000000111
1010011110110000111010110000111100101000010000000001011010010000010000000000000000000010010100010000000000001110000
1010101111000001101010111001100110110000010000010000010110100001000000000000000000001000000100001000100100010000010
0111100100101011110010111000011100000101011001000000000010000000010000000100000010100110010000010000100000000010000
1010011111010000011110101101100010101000010000000000111001100000100000000000000000000000101100101000000110000000000
1011000111010001101010111001011100100000010001000000000010100001000000010000000000000100000100010000100000010010011
1100101101010000011111110010101101010000000000001000011010000000100000000000000000000000011101010101000000000100010
1010011110101010110011000110100110101000100000000010010001011000001000000100000000100010010000001000000010000000010
1101000110001011110011101101010011000010000001000000000001001000000000000100000010110010100000001110000000000001010
1010101101101001011011010010011100110000100000000000010110000010101000000010000000000100010100010000000000100010000
1011001011000110100111010111001100100000100010000000000000100101000000000000010000100001000001010000010001010000001
0110111101010000101010101101100110000100010000101000111001000001000000000000000000000000000100001000000110010000001
1101000110010010110111101101100011000010000001000000000001000000000000100000000000100011100000101110000110000000010
1011000111010010101001001111001110100000100001000000000001100001000000100000000001000000000000000010001001010000111
1010011110100101111011000110000110101000100000000010010101010100001000000000010000010010010100001000000000000000000
