1101001001011000011011110110100111000000000010000000001000000000100010000010000000000000010100001101010010000000000
1100101101000110101001101101001111010000000000000100010001000001000000000000100001000000000000000110000000010000110
0111101001000110101000111101001110000100011010000100000000000001000000000000100001000000000000000000110000010000110
1101000101010110101001101101001111000000000001000000000001000001000001100000100001000000000000000110000000010000110
0111101001001010100010111101011100000100011010000000000000000001000000000100000000100000000000010000110000010010010
1101001001010100101011110101100111000000000010000000001000000001000001000000001000000000000100001100010010010000010
1100101101001010100011101101100111010000000000000000010001000001000000000100000000100000000000001110000110010000000
1101001010000110111001110101011011000010000010000000000000000100000000000000000101000010100000000100010000000001110
1101000101010101101011101101000111000000000001000000000001000001000001010000100000010000000100001110000000010000000
1100101101010000101011101101011101010000000000001000011001000001000000000000000000000000000100010110000000010010000
1100101110000010111001101101011011010010000000010000010001000000000000000000000001000010100000000110000000000001100
1011001001101110011001010110001110100000100010000000000000000010101000001010010001000000010000000000010000000000100
0110111101001010100010101101100110000100010000100000110001000001000000000100000000100000000000001000000110010000000
1011001011010000101010111101100110100000010010000000001000100001000000000000000000000000000100001000110110010000000
1101000101010101101011110001100111000000000001000000000010000001000001010000001000001000000100001100000000010000010
0111101001001010011001010111011010000100101010000000000000000000100000000010000001000000100000000000010001100001100
1011001011010000101011010111011100100000100010000000001000100001000000000000000000000000000100010000010001110010000
1010101101101010011001010010101110110000100000000000010010000010101000000010000001000000010000000000000000000100100
1100101110000010111001101101011011010010000000010000010001000000000000000000000001000010100000000110000000000001100
0111101001001010100010111101100110000100011010000000000000000001000000000100000000100000000000001000110110010000000
0111101001010000101010111101011100000100011010001000001000000001000000000000000000000000000100010000110000010010000
0111101001000110101001010111001110000100101010000100000000000001000000000000010001000000000000000000010001010000110
0111101001001010100011010111100110000100101010000000000000000001000000000100000000100000000000001000010011010000010
1100101101001010100011110001111101010000000000000000010010000001000000000100000000100000000000010100000000011110000
1101001001001110010111110101100011000000000010000000000000000000100000001001001000100000100000101100010010000000000
0110111101001010100010101101011100000100010000100000110001000001000000000100000000100000000000010000000000010010010
1101000110010010111001110010101111000010000001000000000010000000000000100000000001000010010000000101000000000100110
1101000101010101101011101101000111000000000001000000000001000001000001010000100000010000000100001110000000010000000
1101001001010100101011110101011101000000000010000000001000000001000001000000000100000000000100010100010000010010010
0111101001001010100010111101011100000100011010000000000000000001000000000100000000100000000000010000110000010010010
1101000101010110101001110001101111000000000001000000000010000001000001100000001001000000000000000100000000010100110
1101000110010001111011110010100111000010000001000000000010000000000000010000000000001010010100001101000000000000010
1011001011001010011000111101011010100000010010000000000000101000100000000010000001000000100000000000110000000001100
0111101001000110101001010111001110000100101010000100000000000001000000000000010001000000000000000000010001010000110
1101000101010110101001110001101111000000000001000000000010000001000001100000001001000000000000000100000000010100110
0111101001001010010111010111011000000100101010000000000000000000100000000001000000100000100010010000010001100000000
1011000111010010101000111001101110100000010001000000000010100001000000100000000001000000000000000000100100010100100
1011001010110000111011010110100110100000100010000000001000010000001000000000000000000010010100001000010010000000010
1101001001001110011001110110001111000000000010000000000000000000100000001010010001000000010000000101010000000000110
0110111101000110101001000111001110000100100000100110010001000001000000000000010001000000000000000000000001010000100
1101001010001010110011110110100111000010000010000000000000001000000000000100000000100010010000001101010010000000000
1101001010001010110011110110100111000010000010000000000000001000000000000100000000100010010000001101010010000000000
0111101001001010100011010111100110000100101010000000000000000001000000000100000000100000000000001000010011010000010
0110111101001010011000101101011010000100010000100000110001000000100000000010000001000000100000000000000000000001110
1011001010101010110011010110100110100000100010000000000000011000001000000100000000100010010000001000010010000000000
1101001001001110010111110110001101000000000010000000000000000000100000001001010000100000010001010101010000000000000
1100101110000010111001110010101111010010000000010000010010000000000000000000000001000010010000000101000000000100100
0111101001001010100010111101100110000100011010000000000000000001000000000100000000100000000000001000110110010000000
1101001001010100011111110101011001000000000010000000001000000000100001000000000100000000101110010100010000000000000
1101000110010001111011110010100111000010000001000000000010000000000000010000000000001010010100001101000000000000010
