1010101101101010010111001110001100110000100000000000010001000010101000000001000000100000010001010010001000000000011
1010011111000101011111000111000010101000100000000010010101100100100000000000010000010000101100101000000001000000000
1011000111010001011110111001100010100000010001000000000010100000100000010000000000001000101100101000100100000000011
0111010101001111010110110010001100000100010101000001000010000000100000001001010010100100010001010001000000000000010
0111100101001011010110111010001100000100011001000000000010000000100000000001000010100100010001010001101000000000001
1011000101101111010111001101000010100000100001000000000001000010100100001001100010110000100000101010000000000000010
1011000101101111100011010001011100100000100001000000000010000011000100001100000110100100000000010000000000010010001
0111100101000111011100111001001010000100011001000100000010000000100000000000100011000100101000100000100000000000101
1101000101011010010111101101100011000000000001000000000001000000100010100001000000100000100000101110000110000000011
1100101100101010110011101100100111010001000000000000010001000000010000000100000000100010010000001110000110000000011
1011001001110100011111010101100010100000100010000000001000000010100101000000001000000000101100101000010010000000001
1011001011001010010110111110001100100000010010000000000000101000100000000001000000100000010001010001111000000000011
1011000101110101101011001101000110100000100001000000000001000011000101010000100000010000000100001010000000010000011
1011000101111010011001001110001110100000100001000000000001000010101010100010000001000000010000000010001000000000111
0111011010001010110010110110011100000110010110000001000000001000000000000100000000100010010000010001010000100010001
1100101110000010110111101110001101010010000000010000010001000000000000000000000000100011010001010111001000000000001
1101000101010101011111110010001101000000000001000000000010000000100001010000010000000100011101010101000000000000011
1010011111001001011010101110000110101000010000000000110101101000100000000010000000010000010100001001001000000000010
1011001011010000011110111110001100100000010010000000001000100000100000000000000000000000011101010001111000000000011
0111100101010010100111001111001100000100101001001000000001000001000000100000000000100001000001010010001001010000001
0111010101001111010110110001011000000100010101000001000010000000100000001001000110100100100010010000000000000000001
0111100110000011111001010011011010000110101001010000000010000000000000000000000011000110100000000000000001100001101
1011000111010001011110111010001100100000010001000000000010100000100000010000000000000100011101010001101000000000001
1100101110000010110111110001111001010010000000010000010010000000000000000000000000100011100010010100000000001100011
1011001011001001011010111101010010100000010010000000000100101000100000000010000000010000100100001000110000000001011
0111010101011001011010110010011100000100010101000001000010000000100010010010000000000100010100010001000000100010010
1011000101111010010111001101011000100000100001000000000001000010100110100001000000100000100010010010000000000000011
1010011111010000101011000111011100101000100000000010011001100001000000000000000000000000000100010000000001110010011
0111010100110110111001000101011010000101100101000010000001000000000101100000000101000010100000000000000000000001101
0111100100110010110110111000101100000101011001001000000010000000010000100000000000100011010001010000100100000100000
1011000110110010110111001110001100100000100001000000000001010000001000100000000000100011010001010010001000000000011
1101000110001011110011101110000111000010000001000000000001001000000000000100000010110010010000001111001000000000001
1010011111001010010110110010101100101000010000000001010010101000100000000001000000100000010001010001000000000100001
1010101111000001101011001111000110110000100000010000010101100001000000000000000000010000000100001010001001010000001
1101000101010101011111110010001101000000000001000000000010000000100001010000010000000100011101010101000000000000011
1010101111000001011110111001100010110000010000010000010110100000100000000000000000001000101100101000100100000000010
0111100100110010111000111000101110000101011001001000000010000000010000100000000001000010010000000000100100000100101
1010101111000001101011010011011100110000100000010000010110100001000000000000000000000100000100010000000001110010001
1011000111010001011111001111000010100000100001000000000001100000100000010000000000010000101100101010001001000000001
1011000111010010011101001111001010100000100001000000000001100000100000100000000001000000101000100010001001000000111
0111100110000011111000111001011010000110011001010000000010000000000000000000000011000110100000000000100000000001111
1011001001101101011011010110000110100000100010000000000100000010101000001010010000010000010100001000010000000000011
0111010100110101111010110000100110000101010101000001000010000000010001010000001000001010010100001000000000000000001
0111100101000111100111010011001100000100101001000100000010000001000000000000010010100101000001010000000001010000001
1010011101110100011110101100001100101000010000000000111001000010110001000000100000000000011101010000000000000000010
0110111110000010111000110001111010000110010000110001010010000000000000000000000001000010100000000000000000001101111
0111010100110110110110110000101100000101010101000001000010000000010001100000001000100011010001010000000000000100000
1010101110100001111011010010011100110000100000010000010110010000001000000000000000000110010100010000000000100010001
1010101101110000101011001101100110110000100000001000011001000011000100000000000000000000000100001010000110010000001
1101000110010010110111101101100011000010000001000000000001000000000000100000000000100011100000101110000110000000011
