0111100101010010100111001111001100000100101001001000000001000001000000100000000000100001000001010010001001010000001
0111100100110001111010111000100110000101011001001000000010000000010000010000000000001010010100001000100100000000001
0111010100110110110111000101011000000101100101000010000001000000000101100000000100100011100010010000000000000000010
0111011000110100111010110100011100000101010110000001001000000000010001000000000100000010010100010000010000000010001
1101000100101111110011101100000111000001000001000000000001000000010000001100100010110010010000001110000000000000001
1100101110000010110111110010101101010010000000010000010010000000000000000000000000100011010001010101000000000100011
0111010101011010100011000111100110000100100101000010000001000001000010100100000000100000000000001000000011010000011
1010011111001001011010110010100110101000010000000001010110101000100000000010000000001000010100001001000000000000001
1010101101100101101011001101000110110000100000000100010101000011000100000000100000010000000100001010000000010000001
1011001001111000011010111100100110100000010010000000001000000010110010000010000000000000010100001000110110000000001
1011000101101111100011010001100110100000100001000000000010000011000100001100001010101000000000001000000000010000011
0111011001001110010110110110001100000100010110000001000000000000100000001001010000100000010001010001010000000000011
1010011101101110100011000101100110101000100000000010010001000011000100001100001000100000000000001000000010010000001
1011000111000111011100111001001010100000010001000000000010100100100000000000100011000100101000100000100000000000101
1011001011001001011011010111010010100000100010000000000100101000100000000010000000010000100100001000010001100001001
1010101101100110011101010001101010110000100000000100010010000010100100000000001001000000101000100000000000000100101
1010011101101110010111000101011000101000100000000010010001000010100100001001000100100000100010010000000000000000001
0111011010001010110010110110011100000110010110000001000000001000000000000100000000100010010000010001010000100010001
0111101010000010110110111110001100000110011010010000000000000000000000000000000000100011010001010001111000000000001
1011000101101111010111010001100010100000100001000000000010000010100100001001001010101000100000101000000000000000001
1011001001110100011110111100001100100000010010000000001000000010110001000000100000000000011101010000110000000000001
1011000101110110100111001101001100100000100001000000000001000011000101100000100000100001000001010010000000010000001
0111101000110000111011010101110010000101101010001000001000000000000100000000000000000010100100001000010010001001001
0111010100110101111010110000100110000101010101000001000010000000010001010000001000001010010100001000000000000000001
1010101101101010010111001101100010110000100000000000010001000010100100000001000000100000100000101010000110000000001
