1011001010110000111010111100100110100000010010000000001000010000010000000000000000000010010100001000110110000000011
0111101000110000111011010110100110000101101010001000001000000000001000000000000000000010010100001000010010000000011
0111010101011010100010110001111100000100010101000001000010000001000010100100000000100000000000010000000000011110010
1011000111000111100111010011001100100000100001000000000010100101000000000000010010100101000001010000000001010000010
1011000111010001101011001111000110100000100001000000000001100001000000010000000000010000000100001010001001010000011
1011001001101110011000111100001110100000010010000000000000000010110000001010100001000000010000000000110000000000111
0111101001000110100111010111001100000100101010000100000000000001000000000000010000100001000001010000010001010000011
1101001010001010110011110110011101000010000010000000000000001000000000000100000000100010010000010101010000100010011
1010101110100010110110111000101100110000010000010000010010010000010000000000000000100011010001010000100100000100000
1010101111000010011101010011101010110000100000010000010010100000100000000000000001000000101000100000000001000100101
1010101101101001011010111000011100110000010000000000010110000010110000000010000000000100010100010000100000000010010
1100101101001010010111101101100011010000000000000000010001000000100000000001000000100000100000101110000110000000011
1011001011001001011011010111010010100000100010000000000100101000100000000010000000010000100100001000010001100001010
0110111100101010110010101100011100000101010000100000110001000000010000000100000000100010010000010000000000000010011
1010101111000010101001001111001110110000100000010000010001100001000000000000000001000000000000000010001001010000111
1101000101010110100111110001101101000000000001000000000010000001000001100000001000100001000001010100000000010100011
1010101101101001011011010010100110110000100000000000010110000010101000000010000000001000010100001000000000000000011
1011000111001011011000111001011010100000010001000000000010101000100000000010000011000100100000000000100000000001101
1011001011001010011000111110001110100000010010000000000000101000100000000010000001000000010000000001111000000000111
1010011111001010011000110010101110101000010000000001010010101000100000000010000001000000010000000001000000000100101
0111101000100101111010111100000110000101011010000100000100000000010000000000100000010010010100001000110000000000010
1011001011000101011111010111000010100000100010000000000100100100100000000000010000010000101100101000010001000000010
1010011111000110101001000111001110101000100000000010010001100101000000000000010001000000000000000000000001010000111
0110111101010000011110110010101100000100010000101001011010000000100000000000000000000000011101010001000000000100010
1010011111001010011000101110001110101000010000000000110001101000100000000010000001000000010000000001001000000000101
1101000110010010110111110001111001000010000001000000000010000000000000100000000000100011100010010100000000001100011
1011000101110110011101001101001010100000100001000000000001000010100101100000100001000000101000100010000000000000110
1011000101111010010111010010101100100000100001000000000010000010101010100001000000100000010001010000000000000100001
1011000111010010011101010011101010100000100001000000000010100000100000100000000001000000101000100000000001000100111
1100101101000101011111101101000011010000000000000100010101000000100000000000100000010000101100101110000000000000010
0111010101001111100010110001011100000100010101000001000010000001000000001100000110100100000000010000000000010010010
1011000111000111011100111001001010100000010001000000000010100100100000000000100011000100101000100000100000000000110
0111010100110101111010101100000110000101010101000000100001000000010001010000100000010010010100001000000000000000010
1100011110000101111011100110000111001010000000000010010101000100000000000000010000010010010100001101000000000000010
1100101101000110011101101101001011010000000000000100010001000000100000000000100001000000101000100110000000000000111
1100101101001001011011110001110011010000000000000000010110000000100000000010000000001000100100001100000000001001011
1010011101110100101011000101011100101000100000000010011001000011000101000000000100000000000100010000000000010010010
1010011111001010011000110010101110101000010000000001010010101000100000000010000001000000010000000001000000000100101
1010011111010000011110101101011000101000010000000000111001100000100000000000000000000000101110010000000000000000011
0111011010000101111010110110000110000110010110000001000100000100000000000000010000010010010100001001010000000000010
1010101101101001011010111000100110110000010000000000010110000010110000000010000000001000010100001000100100000000010
1100101101010000101011101101100111010000000000001000011001000001000000000000000000000000000100001110000110010000011
1011000101111001011011010001110010100000100001000000000010000010100110010010000000001000100100001000000000001001010
1101000100111010110011110000111101000001000001000000000010000000010010100100000000100010010000010100000000001110010
1011000101101111100011001101000110100000100001000000000001000011000100001100100010110000000000001010000000010000010
1011000111001011011001010011011010100000100001000000000010101000100000000010000011000100100000000000000001100001110
1011000110100111110111010001100010100000100001000000000010010100000100000000001010101011100000101000000000000000010
1101001001010100011111110110001101000000000010000000001000000000100001000000010000000000011101010101010000000000011
0111011000101110110010110100100110000101010110000001000000000000010000001100001000100010010000001000010010000000010
1011000101111001011010111000100110100000010001000000000010000010110010010010000000001000010100001000100100000000010
