1010101110100010110111001110001100110000100000010000010001010000001000000000000000100011010001010010001000000000010
1100101101010000011111101101100011010000000000001000011001000000100000000000000000000000101100101110000110000000010
0111101001000110100110111101001100000100011010000100000000000001000000000000100000100001000001010000110000010000011
0111010110010010111000101110001110000110010101000000100001000000000000100000000001000010010000000001001000000000111
0111101010000010111000111110001110000110011010010000000000000000000000000000000001000010010000000001111000000000111
0111101001000110100110111101001100000100011010000100000000000001000000000000100000100001000001010000110000010000011
1010101101101001011010111000011100110000010000000000010110000010110000000010000000000100010100010000100000000010010
1011000111000111100110111001001100100000010001000000000010100101000000000000100010100101000001010000100000010000010
0111100101001011010111010011011000000100101001000000000010000000100000000001000010100100100010010000000001100000001
0111101001001010010110111101100010000100011010000000000000000000100000000001000000100000100000101000110110000000011
1100101100100110110111110000101101010001000000000100010010000000010000000000001000100011010001010100000000000100010
1011000111001011010111001111000010100000100001000000000001101000100000000001000010110000100000101010001001000000000
0110111101000101011110110001011000000100010000100101010110000000100000000000000100000100101110010000000000000000010
0111010101010101011110110001011000000100010101000001000010000000100001010000000100000100101110010000000000000000010
1010101110100001111011001110000110110000100000010000010101010000001000000000000000010010010100001010001000000000010
0110111100100110110111000101011000000101100000100110010001000000000100000000000100100011100010010000000000000000010
1011000101111001011010111000011100100000010001000000000010000010110010010010000000000100010100010000100000000010010
0111101010000010111000111110001110000110011010010000000000000000000000000000000001000010010000000001111000000000111
0111101001010000011111010111011000000100101010001000001000000000100000000000000000000000101110010000010001100000001
0111011001011000011010110110011100000100010110000001001000000000100010000010000000000000010100010001010000100010010
1101001000101110110011110100011101000001000010000000000000000000010000001100000100100010010000010100010000000010011
1011000110100111111001010010001110100000100001000000000010010100001000000000010011000110010000000000000000000000111
1010011111000101101010110001011100101000010000000001010110100101000000000000000100000100000100010000000000010010010
1100101101010000101011101101100111010000000000001000011001000001000000000000000000000000000100001110000110010000011
1101000101001111100011110001011101000000000001000000000010000001000000001100000110100100000000010100000000010010011
1011000111001011100011010011011100100000100001000000000010101001000000000100000010100100000000010000000001110010010
1011000111010010011101001111001010100000100001000000000001100000100000100000000001000000101000100010001001000000101
1010011101110100101011000101011100101000100000000010011001000011000101000000000100000000000100010000000000010010010
1010011111000101101010101101000110101000010000000000110101100101000000000000100000010000000100001000000000010000001
1011000111000111101001010011001110100000100001000000000010100101000000000000010011000100000000000000000001010000111
1101000101001111100011101101000111000000000001000000000001000001000000001100100010110000000000001110000000010000011
1101000110010010110111101110001101000010000001000000000001000000000000100000000000100011010001010111001000000000001
0111100100101011110010111000100110000101011001000000000010000000010000000100000010101010010000001000100100000000010
0111010110010001111010101110000110000110010101000000100001000000000000010000000000010010010100001001001000000000001
0110111101000101011111000111000010000100100000100110010101000000100000000000010000010000101100101000000001000000000
0110111100100110110111000101100010000101100000100110010001000000000100000000001000100011100000101000000010000000000
1011000101110110101001001101001110100000100001000000000001000011000101100000100001000000000000000010000000010000111
0110111101001001011010110001110010000100010000100001010110000000100000000010000000001000100100001000000000001001001
1011001001110100011111010110001100100000100010000000001000000010101001000000010000000000011101010000010000000000001
1011001001101110011001010101011010100000100010000000000000000010100100001010000101000000100000000000010000000001111
0111010101011010100010110001111100000100010101000001000010000001000010100100000000100000000000010000000000011110010
1010101111000001101010111001100110110000010000010000010110100001000000000000000000001000000100001000100100010000001
1010011101101110010110110000101100101000010000000001010010000010110000001001001000100000010001010000000000000100000
1101000101010101011111110010001101000000000001000000000010000000100001010000010000000100011101010101000000000000001
1011001011000110100110111101001100100000010010000000000000100101000000000000100000100001000001010000110000010000011
0111010101011010010110110010101100000100010101000001000010000000100010100001000000100000010001010001000000000100010
0111010101010101101011000111000110000100100101000010000001000001000001010000010000010000000100001000000001010000001
0111100100100111111001010010001110000101101001000100000010000000001000000000010011000110010000000000000000000000101
1011000111010010100110111001101100100000010001000000000010100001000000100000000000100001000001010000100100010100001
1010101110100010110111001101100010110000100000010000010001010000000100000000000000100011100000101010000110000000000
