0111101010000010110110111101100010000110011010010000000000000000000000000000000000100011100000101000110110000000000
1011001011010000011111010111100010100000100010000000001000100000100000000000000000000000101100101000010011000000001
1010011110100101111011000110000110101000100000000010010101010100001000000000010000010010010100001000000000000000000
1010011111001010100011000111100110101000100000000010010001101001000000000100000000100000000000001000000011010000010
1101001010000101111011110110000111000010000010000000000100000100000000000000010000010010010100001101010000000000001
0110111101010000101010110001111100000100010000101001011010000001000000000000000000000000000100010000000000011110010
1100101100100101111011110000100111010001000000000100010110000000010000000000001000001010010100001100000000000000010
0111100110000011110111010011100010000110101001010000000010000000000000000000000010101011100000101000000001000000000
0111101001001001011010111110000110000100011010000000000100000000100000000010000000010000010100001001111000000000010
1011001001101110010110111100001100100000010010000000000000000010110000001001100000100000010001010000110000000000010
1011000111001011100011010011100110100000100001000000000010101001000000000100000010101000000000001000000001010000001
1011000111010001101011001111000110100000100001000000000001100001000000010000000000010000000100001010001001010000001
1010011110101010110010101100011100101000010000000000110001011000010000000100000000100010010000010000000000000010010
1011000101111010100011010001111100100000100001000000000010000011000110100100000000100000000000010000000000011110000
1011001001101110010110111100001100100000010010000000000000000010110000001001100000100000010001010000110000000000010
1101000110010010110111101110001101000010000001000000000001000000000000100000000000100011010001010111001000000000010
1100101101010000101011101101011101010000000000001000011001000001000000000000000000000000000100010110000000010010011
0111101000100110111000111100001110000101011010000100000000000000010000000000100001000010010000000000110000000000101
1010101111000010101001001111001110110000100000010000010001100001000000000000000001000000000000000010001001010000101
0111101001010000011110111101011000000100011010001000001000000000100000000000000000000000101110010000110000000000001
1011000101110101011111010010001100100000100001000000000010000010101001010000010000000100011101010000000000000000000
1010101111000010101001001111001110110000100000010000010001100001000000000000000001000000000000000010001001010000101
1010011110100110110111000101011000101000100000000010010001010100000100000000000100100011100010010000000000000000000
1011000111010001011111010011011000100000100001000000000010100000100000010000000000000100101110010000000001100000010
1101000110001011110011110010100111000010000001000000000010001000000000000100000010101010010000001101000000000000001
0110111110000001111010101110000110000110010000110000110101000000000000000000000000010010010100001001001000000000000
1011000101111001011011001110000110100000100001000000000001000010101010010010000000010000010100001010001000000000000
1100101101000101011111101101000011010000000000000100010101000000100000000000100000010000101100101110000000000000000
0110111101000110101000110001101110000100010000100101010010000001000000000000001001000000000000000000000000010100111
0111101001010000101011010111100110000100101010001000001000000001000000000000000000000000000100001000010011010000011
1101000101001111011001110010001111000000000001000000000010000000100000001010010011000100010000000101000000000000101
1100101101010000101011101101011101010000000000001000011001000001000000000000000000000000000100010110000000010010011
0110111100100101111010110000100110000101010000100101010110000000010000000000001000001010010100001000000000000000000
0111100100110010111001010001111010000101101001001000000010000000000100100000000001000010100000000000000000001101100
1010011111010000011110101101011000101000010000000000111001100000100000000000000000000000101110010000000000000000001
1011000111001011100011001111000110100000100001000000000001101001000000000100000010110000000000001010001001010000000
0110111100100101111010101100000110000101010000100100110101000000010000000000100000010010010100001000000000000000000
1011000101101111010111010001011000100000100001000000000010000010100100001001000110100100100010010000000000000000000
0111010101001111100010101101000110000100010101000000100001000001000000001100100010110000000000001000000000010000010
1010011111010000011110101101011000101000010000000000111001100000100000000000000000000000101110010000000000000000001
1011001001101110010111010101011000100000100010000000000000000010100100001001000100100000100010010000010000000000001
0111101010000010110111010111011000000110101010010000000000000000000000000000000000100011100010010000010001100000010
1101000100110110111001110000101111000001000001000000000010000000010001100000001001000010010000000100000000000100101
1101001000101110110011110100011101000001000010000000000000000000010000001100000100100010010000010100010000000010001
0110111100100101111011000110000110000101100000100110010101000000001000000000010000010010010100001000000000000000000
1101001001001101011011110110000111000000000010000000000100000000100000001010010000010000010100001101010000000000001
0110111101010000011110101101011000000100010000101000111001000000100000000000000000000000101110010000000000000000001
0110111110000010110111000111100010000110100000110010010001000000000000000000000000100011100000101000000011000000000
1100011110010000111011100110100111001010000000000010011001000000000000000000000000000010010100001101000010000000001
1101000101011010011001101110001111000000000001000000000001000000100010100010000001000000010000000111001000000000101
