-2.000000
-2.000000
-2.000000
-2.000000
-2.250000
-2.250000
-2.000000
-2.000000
-2.250000
-2.000000
-2.250000
-2.250000
-2.250000
-2.500000
-2.000000
-2.250000
-2.000000
-2.000000
-2.000000
-2.250000
-2.000000
-2.000000
-2.000000
-2.000000
-2.250000
-2.000000
-2.250000
-2.000000
-2.250000
-2.250000
-2.000000
-2.000000
-2.000000
13.500000
13.500000
14.000000
14.000000
13.500000
14.000000
14.000000
13.500000
13.500000
14.000000
14.000000
13.500000
13.500000
14.000000
14.750000
14.750000
14.750000
14.000000
14.000000
14.000000
13.500000
14.000000
14.000000
13.500000
13.500000
14.000000
14.000000
14.750000
14.750000
14.000000
13.500000
13.500000
14.000000
14.000000
14.000000
14.750000
14.750000
14.000000
14.000000
14.750000
14.000000
14.000000
14.000000
14.750000
14.750000
14.750000
14.750000
14.000000
13.500000
13.500000
14.000000
14.000000
14.000000
13.500000
14.000000
13.500000
13.500000
14.000000
13.500000
14.000000
14.000000
14.000000
13.500000
13.500000
13.500000
14.000000
14.000000
14.000000
13.500000
14.750000
14.750000
14.000000
14.000000
14.750000
13.500000
14.750000
14.000000
14.000000
14.000000
13.500000
12.750000
25.500000
